1;0.000000;283.000000;-150.000000;0.500000;0.000000;0.000000;0.000000;0.000000;0.000000

1;1008.000000;283.000000;-150.000000;0.500000;0.000000;0.000000;0.000000;0.000000;0.000000

1;504.000000;283.000000;0.000000;1.000000;0.000000;0.000000;0.000000;0.000000;0.000000

2;-nan;0.000000;0.000000;0.000000;0.000000;0.000000;0.000000;-566824895289651863961644851471056896.000000;0.000000

2;0.000000;0.000000;0.000000;0.000000;0.000000;0.000000;0.000000;0.000000;0.000000

2;0.000000;0.000000;0.000000;0.000000;0.000000;0.000000;0.000000;0.000000;0.000000

2;0.000000;0.000000;0.000000;0.000000;0.000000;0.000000;0.000000;0.000000;0.000000

2;0.000000;nan;nan;0.000000;0.000000;0.000000;0.000000;0.000000;0.000000

2;0.000000;nan;nan;nan;0.000000;0.000000;0.000000;0.000000;0.000000

2;0.000000;nan;nan;nan;0.000000;0.000000;0.000000;0.000000;0.000000

2;0.000000;nan;nan;nan;0.000000;0.000000;0.000000;0.000000;0.002688

2;0.000000;nan;nan;nan;0.000000;0.000000;0.000000;0.000000;0.000000

2;0.000000;nan;nan;nan;0.000000;0.000000;0.000000;0.002688;0.000000

2;0.000000;nan;nan;nan;0.000000;0.000000;0.000000;0.000000;0.002688

2;0.000000;nan;nan;nan;0.000000;0.000000;0.000000;0.000000;0.000000

2;0.000000;nan;nan;nan;0.000000;0.000000;0.000000;0.002688;0.000000

2;0.000000;nan;nan;nan;0.000000;0.000000;0.000000;0.000000;0.000000

2;0.000000;nan;nan;nan;0.000000;0.000000;0.000000;0.000000;0.000000

2;0.000000;nan;nan;nan;0.000000;0.000000;0.000000;0.000000;0.000000

2;0.000000;nan;nan;nan;0.000000;0.000000;0.000000;0.000000;0.000000

2;0.000000;nan;nan;nan;0.000000;0.000000;0.000000;0.000000;0.000000

2;0.000000;nan;nan;nan;0.000000;0.000000;0.000000;0.000000;0.000000

2;0.000000;nan;nan;nan;0.000000;0.000000;0.000000;0.000000;0.000000

2;0.000000;nan;nan;nan;0.000000;0.000000;0.000000;0.000000;0.000000

2;0.000000;nan;nan;nan;0.000000;0.000000;0.000000;0.000000;0.000000

2;0.000000;nan;nan;nan;0.000000;0.000000;0.000000;0.000000;0.000000

2;0.000000;nan;nan;nan;0.000000;0.000000;0.000000;0.000000;0.000000

2;0.000000;nan;nan;nan;0.000000;0.000000;0.000000;0.000000;0.000000

2;0.000000;nan;nan;nan;0.000000;0.000000;0.000000;0.000000;0.000000

2;0.000000;nan;nan;nan;0.000000;0.000000;0.000000;0.000000;0.000000

2;0.000000;nan;nan;nan;0.000000;0.000000;0.000000;0.000000;0.000000

2;0.000000;nan;nan;nan;0.000000;0.000000;0.000000;0.000000;0.002688

2;nan;nan;nan;nan;0.000000;0.000000;0.000000;0.000000;0.000000

2;nan;nan;nan;nan;0.000000;0.000000;0.000000;0.002688;0.000000

2;nan;nan;nan;nan;0.000000;0.000000;0.000000;0.000000;0.002688

2;nan;nan;nan;nan;0.000000;0.000000;0.000000;0.000000;0.000000

2;nan;nan;nan;nan;0.000000;0.000000;0.000000;0.002688;0.000000

2;nan;nan;nan;nan;0.000000;0.000000;0.000000;0.000000;0.000000

2;nan;nan;nan;nan;0.000000;0.000000;0.000000;0.000000;0.000000

2;0.000000;0.000000;0.000000;0.000000;0.000000;0.000000;0.000000;0.000000;0.000000

2;0.000000;0.000000;0.000000;0.000000;0.000000;0.000000;0.000000;0.000000;0.000000

2;0.000000;0.000000;0.000000;0.000000;0.000000;0.000000;0.000000;0.000000;0.000000

2;0.000000;0.000000;0.000000;0.000000;0.000000;0.000000;0.000000;0.000000;0.000000

2;0.000000;0.000000;0.000000;0.000000;0.000000;0.000000;0.000000;0.000000;0.000000

2;0.000000;0.000000;0.000000;0.000000;0.000000;0.000000;0.000000;0.000000;0.000000

2;0.000000;0.000000;0.000000;0.000000;0.000000;0.000000;0.000000;0.000000;0.000000

2;0.000000;0.000000;0.000000;0.000000;0.000000;0.000000;0.000000;0.000000;0.000000

2;0.000000;0.000000;0.000000;0.000000;0.000000;0.000000;0.000000;0.000000;0.000000

2;0.000000;0.000000;0.000000;0.000000;0.000000;0.000000;0.000000;0.000000;0.000000

2;0.000000;0.000000;0.000000;0.000000;0.000000;0.000000;0.000000;0.000000;0.000000

2;0.000000;0.000000;0.000000;0.000000;0.000000;0.000000;0.000000;0.000000;0.000000

2;0.000000;0.000000;0.000000;0.000000;0.000000;0.000000;0.000000;0.000000;0.000000

2;0.000000;0.000000;0.000000;0.000000;0.000000;0.000000;0.000000;0.000000;0.000000

2;0.000000;0.000000;0.000000;0.000000;0.000000;0.000000;0.000000;0.000000;0.000000

2;0.000000;0.000000;0.000000;0.000000;0.000000;0.000000;0.000000;0.000000;0.000000

2;0.000000;0.000000;0.000000;0.000000;0.000000;0.000000;0.000000;0.000000;0.000000

2;0.000000;0.000000;0.000000;0.000000;0.000000;0.000000;0.000000;0.000000;0.000000

2;0.000000;0.000000;0.000000;0.000000;0.000000;0.000000;0.000000;0.000000;0.000000

2;0.000000;0.000000;0.000000;0.000000;0.000000;0.000000;0.000000;0.000000;0.000000

2;0.000000;0.000000;0.000000;0.000000;0.000000;0.000000;0.000000;0.000000;0.000000

2;0.000000;0.000000;0.000000;0.000000;0.000000;0.000000;0.000000;0.000000;0.000000

2;0.000000;0.000000;0.000000;0.000000;0.000000;0.000000;0.000000;0.000000;0.000000

2;0.000000;0.000000;0.000000;0.000000;0.000000;0.000000;0.000000;0.000000;0.000000

2;0.000000;0.000000;0.000000;0.000000;0.000000;0.000000;0.000000;0.000000;0.000000

2;0.000000;0.000000;0.000000;0.000000;0.000000;0.000000;0.000000;0.000000;0.000000

2;0.000000;0.000000;0.000000;0.000000;0.000000;0.000000;0.000000;0.000000;0.000000

2;0.000000;0.000000;0.000000;0.000000;0.000000;0.000000;0.000000;0.000000;0.000000

2;0.000000;0.000000;0.000000;0.000000;0.000000;0.000000;0.000000;0.000000;0.000000

2;0.000000;0.000000;0.000000;0.000000;0.000000;0.000000;0.000000;0.000000;0.000000

2;0.000000;0.000000;0.000000;0.000000;0.000000;0.000000;0.000000;0.000000;0.000000

2;0.000000;0.000000;0.000000;0.000000;0.000000;0.000000;0.000000;0.000000;0.000000

2;0.000000;0.000000;0.000000;0.000000;0.000000;0.000000;0.000000;0.000000;0.000000

2;0.000000;0.000000;0.000000;0.000000;0.000000;0.000000;0.000000;0.000000;0.000000

2;0.000000;0.000000;0.000000;0.000000;0.000000;0.000000;0.000000;0.000000;0.000000

2;0.000000;0.000000;0.000000;0.000000;0.000000;0.000000;0.000000;0.000000;0.000000

2;0.000000;0.000000;0.000000;0.000000;0.000000;0.000000;0.000000;0.000000;0.000000

2;0.000000;0.000000;0.000000;0.000000;0.000000;0.000000;0.000000;0.000000;0.000000

2;0.000000;0.000000;0.000000;0.000000;0.000000;0.000000;0.000000;0.000000;0.000000

2;0.000000;0.000000;0.000000;0.000000;0.000000;0.000000;0.000000;0.000000;0.000000

2;0.000000;0.000000;0.000000;0.000000;0.000000;0.000000;0.000000;0.000000;0.000000

2;0.000000;0.000000;0.000000;0.000000;0.000000;0.000000;0.000000;0.000000;0.000000

2;0.000000;0.000000;0.000000;0.000000;0.000000;0.000000;0.000000;0.000000;0.000000

2;0.000000;0.000000;0.000000;0.000000;0.000000;0.000000;0.000000;0.000000;0.000000

2;0.000000;0.000000;0.000000;0.000000;0.000000;0.000000;0.000000;0.000000;0.000000

2;0.000000;0.000000;0.000000;0.000000;0.000000;0.000000;0.000000;0.000000;0.000000

2;0.000000;0.000000;0.000000;0.000000;0.000000;0.000000;0.000000;0.000000;0.000000

2;0.000000;0.000000;0.000000;0.000000;0.000000;0.000000;0.000000;0.000000;0.000000

2;0.000000;0.000000;0.000000;0.000000;0.000000;0.000000;0.000000;0.000000;0.000000

2;0.000000;0.000000;0.000000;0.000000;0.000000;0.000000;0.000000;0.000000;0.000000

2;0.000000;0.000000;0.000000;0.000000;0.000000;0.000000;0.000000;0.000000;0.000000

2;0.000000;0.000000;0.000000;0.000000;0.000000;0.000000;0.000000;0.000000;0.000000

2;0.000000;0.000000;0.000000;0.000000;0.000000;0.000000;0.000000;0.000000;0.000000

2;0.000000;0.000000;0.000000;0.000000;0.000000;0.000000;0.000000;0.000000;0.000000

2;0.000000;0.000000;0.000000;0.000000;0.000000;0.000000;0.000000;0.000000;0.000000

2;0.000000;0.000000;0.000000;0.000000;0.000000;0.000000;0.000000;0.000000;0.000000

2;0.000000;0.000000;0.000000;0.000000;0.000000;0.000000;0.000000;0.000000;0.000000

2;0.000000;0.000000;0.000000;0.000000;0.000000;0.000000;0.000000;0.000000;0.000000

2;0.000000;0.000000;0.000000;0.000000;0.000000;0.000000;0.000000;0.000000;0.000000

2;0.000000;0.000000;0.000000;0.000000;0.000000;0.000000;0.000000;0.000000;0.000000

2;0.000000;0.000000;0.000000;0.000000;0.000000;0.000000;0.000000;0.000000;0.000000

2;0.000000;0.000000;0.000000;0.000000;0.000000;0.000000;0.000000;0.000000;0.000000

2;0.000000;0.000000;0.000000;0.000000;0.000000;0.000000;0.000000;0.000000;0.000000

2;0.000000;0.000000;0.000000;0.000000;0.000000;0.000000;0.000000;0.000000;0.000000

2;6.373371;527.999695;290.613892;86.266289;0.141176;0.035294;0.500000;1.000000;-1.084406

2;10.213840;445.357483;207.515289;47.861603;0.545098;0.133333;0.500000;1.000000;0.524608

2;16.781380;332.744049;151.379654;-17.813782;0.231373;0.305882;0.500000;1.000000;0.845361

2;13.735444;644.870178;359.181061;12.645561;0.909804;0.227451;0.500000;1.000000;0.756572

2;6.373371;527.999695;290.613892;86.266289;0.141176;0.035294;0.500000;1.000000;-1.084406

2;10.213840;467.949585;371.528259;47.861603;0.545098;0.133333;0.500000;1.000000;0.524608

2;6.030285;503.473938;301.881226;89.697144;0.105882;0.023529;0.500000;1.000000;-1.811815

2;6.112156;522.991638;290.419617;88.878433;0.113725;0.027451;0.500000;1.000000;-1.597462

2;10.706907;439.956970;200.264130;42.930920;0.596078;0.149020;0.500000;1.000000;0.574321

2;5.798030;500.590424;268.772278;92.019699;0.082353;0.019608;0.500000;1.000000;-2.659256

2;6.040509;522.289490;277.578949;89.594910;0.105882;0.023529;0.500000;1.000000;-1.783204

2;10.784397;442.157227;369.148132;42.156025;0.603922;0.149020;0.500000;1.000000;0.581363

2;15.763067;360.478638;418.417664;-7.630669;0.125490;0.278431;0.500000;1.000000;0.821269

2;13.738500;480.436584;441.463470;12.615005;0.913725;0.227451;0.500000;1.000000;0.756692

2;6.555910;492.249420;308.992310;84.440903;0.160784;0.039216;0.500000;1.000000;-0.828133

2;14.816048;508.437256;462.906158;1.839523;0.023529;0.254902;0.500000;1.000000;0.794378

2;9.824456;455.975525;357.274933;51.755440;0.501961;0.125490;0.500000;1.000000;0.478168

2;15.974704;679.092651;382.121948;-9.747040;0.145098;0.286275;0.500000;1.000000;0.826644

2;10.784397;442.157227;369.148132;42.156025;0.603922;0.149020;0.500000;1.000000;0.581363

2;15.763067;693.035828;339.584320;-7.630669;0.125490;0.278431;0.500000;1.000000;0.821269

2;6.040509;522.289490;277.578949;89.594910;0.105882;0.023529;0.500000;1.000000;-1.783204

2;6.555910;532.385315;280.180145;84.440903;0.160784;0.039216;0.500000;1.000000;-0.828133

2;6.865495;538.157349;281.278168;81.345047;0.192157;0.047059;0.500000;1.000000;-0.508152

2;9.353623;466.224091;212.688965;56.463768;0.454902;0.113725;0.500000;1.000000;0.410919

2;5.870986;506.078613;267.167786;91.290146;0.090196;0.019608;0.500000;1.000000;-2.344374

2;12.748711;473.704285;144.208344;22.512901;0.807843;0.200000;0.500000;1.000000;0.712839

2;11.398778;428.040283;193.602142;36.012222;0.666667;0.164706;0.500000;1.000000;0.631160

2;5.807166;498.434143;269.288574;91.928345;0.082353;0.019608;0.500000;1.000000;-2.616710

2;14.041318;384.405609;397.772522;9.586815;0.945098;0.235294;0.500000;1.000000;0.768190

2;14.763744;455.312042;455.253265;2.362556;0.019608;0.254902;0.500000;1.000000;0.792741

2;6.454354;489.808105;305.572418;85.456467;0.149020;0.035294;0.500000;1.000000;-0.962772

2;15.467946;341.000488;181.700912;-4.679459;0.094118;0.270588;0.500000;1.000000;0.813411

2;15.061471;665.553223;372.028992;-0.614708;0.050980;0.262745;0.500000;1.000000;0.801833

2;6.454354;489.808105;305.572418;85.456467;0.149020;0.035294;0.500000;1.000000;-0.962772

2;15.467946;341.000488;181.700912;-4.679459;0.094118;0.270588;0.500000;1.000000;0.813411

2;5.894502;489.964081;274.519073;91.054985;0.090196;0.019608;0.500000;1.000000;-2.253824

2;5.823387;518.825195;280.156403;91.766129;0.082353;0.019608;0.500000;1.000000;-2.543488

2;11.168296;452.683746;182.228195;38.317039;0.643137;0.160784;0.500000;1.000000;0.613642

2;13.919180;384.926239;170.930084;10.808205;0.929412;0.231373;0.500000;1.000000;0.763646

2;5.906225;492.458435;271.049194;90.937744;0.094118;0.023529;0.500000;1.000000;-2.210436

2;15.276063;454.820587;101.137779;-2.760628;0.074510;0.266667;0.500000;1.000000;0.808059

2;11.021130;614.085388;291.159302;39.788700;0.627451;0.156863;0.500000;1.000000;0.601755

2;5.906225;492.458435;271.049194;90.937744;0.094118;0.023529;0.500000;1.000000;-2.210436

2;5.875822;519.519165;278.879974;91.241783;0.090196;0.019608;0.500000;1.000000;-2.325354

2;11.087973;455.692291;182.382965;39.120270;0.635294;0.156863;0.500000;1.000000;0.607225

2;6.027315;500.102112;264.573669;89.726852;0.105882;0.023529;0.500000;1.000000;-1.820234

2;13.647394;380.240906;382.081848;13.526054;0.901961;0.223529;0.500000;1.000000;0.753075

2;5.831864;493.025726;293.590240;91.681358;0.086275;0.019608;0.500000;1.000000;-2.506359

2;15.183504;449.823303;461.664124;-1.835037;0.062745;0.262745;0.500000;1.000000;0.805406

2;11.185261;617.052795;274.178955;38.147396;0.643137;0.160784;0.500000;1.000000;0.614976

2;5.831864;493.025726;293.590240;91.681358;0.086275;0.019608;0.500000;1.000000;-2.506359

2;15.183504;449.823303;461.664124;-1.835037;0.062745;0.262745;0.500000;1.000000;0.805406

2;6.455072;488.905121;304.994812;85.449280;0.149020;0.035294;0.500000;1.000000;-0.961753

2;15.691753;338.320557;178.250854;-6.917526;0.117647;0.278431;0.500000;1.000000;0.819410

2;5.913555;489.616150;274.419952;90.864449;0.094118;0.023529;0.500000;1.000000;-2.183875

2;5.817219;518.705994;280.135468;91.827805;0.082353;0.019608;0.500000;1.000000;-2.570986

2;11.181883;442.212463;378.010590;38.181175;0.643137;0.160784;0.500000;1.000000;0.614711

2;14.925048;377.921661;414.199860;0.749519;0.035294;0.258824;0.500000;1.000000;0.797734

2;13.907078;466.209534;441.863464;10.929214;0.929412;0.231373;0.500000;1.000000;0.763189

2;6.455867;491.897888;306.789551;85.441330;0.149020;0.035294;0.500000;1.000000;-0.960627

2;14.982101;347.110992;188.783569;0.178986;0.043137;0.258824;0.500000;1.000000;0.799462

2;5.852712;490.741943;274.716492;91.472885;0.086275;0.019608;0.500000;1.000000;-2.418189

2;15.748514;438.303284;97.217743;-7.485138;0.121569;0.278431;0.500000;1.000000;0.820892

2;11.275817;460.521423;176.474670;37.241829;0.654902;0.160784;0.500000;1.000000;0.621975

2;13.153331;646.365723;237.441238;18.466690;0.850980;0.211765;0.500000;1.000000;0.732052

2;5.852712;490.741943;274.716492;91.472885;0.086275;0.019608;0.500000;1.000000;-2.418189

2;15.748514;375.956207;432.786163;-7.485138;0.121569;0.278431;0.500000;1.000000;0.820892

2;6.103843;489.021240;296.608002;88.961563;0.113725;0.027451;0.500000;1.000000;-1.617777

2;16.017281;355.189484;146.424911;-10.172806;0.149020;0.286275;0.500000;1.000000;0.827700

2;6.036561;488.844971;271.534271;89.634384;0.105882;0.023529;0.500000;1.000000;-1.794185

2;16.128292;450.466431;86.130058;-11.282913;0.160784;0.290196;0.500000;1.000000;0.830417

2;10.863211;610.510620;297.493469;41.367897;0.611765;0.152941;0.500000;1.000000;0.588335

2;6.036561;488.844971;271.534271;89.634384;0.105882;0.023529;0.500000;1.000000;-1.794185

2;16.128292;360.272400;427.796417;-11.282913;0.160784;0.290196;0.500000;1.000000;0.830417

2;13.382039;481.472015;435.010468;16.179611;0.874510;0.215686;0.500000;1.000000;0.742092

2;6.534995;493.343750;309.045990;84.650047;0.156863;0.039216;0.500000;1.000000;-0.854403

2;14.606941;349.671539;198.126389;3.930588;0.003922;0.250980;0.500000;1.000000;0.787726

2;5.806275;491.384552;275.296143;91.937256;0.082353;0.019608;0.500000;1.000000;-2.620816

2;15.608760;379.677002;432.571655;-6.087593;0.105882;0.274510;0.500000;1.000000;0.817215

2;13.138218;469.886963;428.248566;18.617813;0.850980;0.211765;0.500000;1.000000;0.731369

2;6.412190;494.108643;306.926178;85.878098;0.145098;0.035294;0.500000;1.000000;-1.024359

2;14.549821;354.501617;191.877808;4.501793;0.996078;0.247059;0.500000;1.000000;0.785858

2;5.824450;491.450439;274.575653;91.755501;0.082353;0.019608;0.500000;1.000000;-2.538789

2;5.850634;519.327393;280.123627;91.493660;0.086275;0.019608;0.500000;1.000000;-2.426783

2;11.111311;453.208527;183.133362;38.886890;0.635294;0.156863;0.500000;1.000000;0.609107

2;13.950102;383.444305;171.688385;10.498978;0.933333;0.231373;0.500000;1.000000;0.764808

2;14.980797;455.233063;106.636940;0.192032;0.043137;0.258824;0.500000;1.000000;0.799423

2;6.472679;489.278473;260.367523;85.273209;0.152941;0.035294;0.500000;1.000000;-0.937104

2;15.578937;338.899719;384.771301;-5.789360;0.105882;0.274510;0.500000;1.000000;0.816418

2;14.997333;663.737793;193.127731;0.026672;0.043137;0.258824;0.500000;1.000000;0.799920

2;11.111311;453.208527;183.133362;38.886890;0.635294;0.156863;0.500000;1.000000;0.609107

2;6.005575;499.941711;265.016693;89.944252;0.101961;0.023529;0.500000;1.000000;-1.883367

2;13.684679;380.533142;383.531860;13.153214;0.905882;0.223529;0.500000;1.000000;0.754564

2;15.713114;455.968597;473.443512;-7.131142;0.117647;0.278431;0.500000;1.000000;0.819969

2;10.857212;610.843018;272.252289;41.427879;0.611765;0.152941;0.500000;1.000000;0.587811

2;6.005575;490.455139;295.506256;89.944252;0.101961;0.023529;0.500000;1.000000;-1.883367

2;15.713114;363.086792;146.181839;-7.131142;0.117647;0.278431;0.500000;1.000000;0.819969

2;6.036308;489.267181;271.003937;89.636925;0.105882;0.023529;0.500000;1.000000;-1.794893

2;16.009537;453.094666;87.683228;-10.095367;0.149020;0.286275;0.500000;1.000000;0.827509

2;10.838270;462.322479;184.412659;41.617306;0.607843;0.149020;0.500000;1.000000;0.586149

2;13.493798;648.827332;225.784195;15.062012;0.886275;0.219608;0.500000;1.000000;0.746801

2;6.036308;489.267181;271.003937;89.636925;0.105882;0.023529;0.500000;1.000000;-1.794893

2;5.817473;518.449463;279.022125;91.825272;0.082353;0.019608;0.500000;1.000000;-2.569846

2;11.209629;454.488129;180.487320;37.903706;0.647059;0.160784;0.500000;1.000000;0.616879

2;6.033474;499.695160;264.548492;89.665253;0.105882;0.023529;0.500000;1.000000;-1.802829

2;13.715979;379.102142;382.671021;12.840210;0.909804;0.227451;0.500000;1.000000;0.755805

2;15.765501;457.741638;474.870026;-7.655014;0.125490;0.278431;0.500000;1.000000;0.821332

2;6.551481;487.379242;306.082489;84.485184;0.160784;0.039216;0.500000;1.000000;-0.833636

2;15.976506;330.780304;180.575195;-9.765060;0.145098;0.286275;0.500000;1.000000;0.826689

2;5.917898;489.234985;274.926605;90.821022;0.094118;0.023529;0.500000;1.000000;-2.168339

2;5.809526;518.596619;280.316193;91.904739;0.082353;0.019608;0.500000;1.000000;-2.605871

2;11.194613;452.170410;181.948730;38.053875;0.647059;0.160784;0.500000;1.000000;0.615708

2;6.007964;499.660645;265.037384;89.920364;0.101961;0.023529;0.500000;1.000000;-1.876298

2;13.733210;379.809998;384.052887;12.667908;0.909804;0.227451;0.500000;1.000000;0.756484

2;5.843511;492.855469;293.721283;91.564896;0.086275;0.019608;0.500000;1.000000;-2.456564

2;15.217773;375.499908;146.696289;-2.177727;0.066667;0.266667;0.500000;1.000000;0.806394

2;13.687304;655.946594;330.731384;13.126961;0.905882;0.223529;0.500000;1.000000;0.754668

2;15.669691;457.038513;472.890198;-6.696907;0.113725;0.278431;0.500000;1.000000;0.818830

2;6.539890;487.615448;305.990295;84.601105;0.160784;0.039216;0.500000;1.000000;-0.848191

2;5.823565;517.176453;290.372345;91.764351;0.082353;0.019608;0.500000;1.000000;-2.542701

2;11.348833;460.116302;390.805756;36.511669;0.662745;0.164706;0.500000;1.000000;0.627472

2;13.107928;646.057556;326.761719;18.920723;0.847059;0.211765;0.500000;1.000000;0.729992

2;5.823565;491.027130;290.724945;91.764351;0.082353;0.019608;0.500000;1.000000;-2.542701

2;5.841764;519.207458;285.625061;91.582352;0.086275;0.019608;0.500000;1.000000;-2.463943

2;11.125140;452.632111;382.856567;38.748596;0.639216;0.156863;0.500000;1.000000;0.610215

2;13.983163;661.461975;331.259308;10.168373;0.937255;0.231373;0.500000;1.000000;0.766042

2;5.841764;519.207458;285.625061;91.582352;0.086275;0.019608;0.500000;1.000000;-2.463943

2;11.125140;452.632111;382.856567;38.748596;0.639216;0.156863;0.500000;1.000000;0.610215

2;6.001874;499.880463;300.899780;89.981255;0.101961;0.023529;0.500000;1.000000;-1.894388

2;13.697008;478.401306;440.376831;13.029915;0.905882;0.223529;0.500000;1.000000;0.755054

2;10.861859;441.370941;370.331818;41.381405;0.611765;0.152941;0.500000;1.000000;0.588217

2;15.688931;363.409546;419.514099;-6.889305;0.117647;0.278431;0.500000;1.000000;0.819336

2;6.034839;489.305847;295.000824;89.651611;0.105882;0.023529;0.500000;1.000000;-1.799003

2;5.818177;518.461914;286.981293;91.818222;0.082353;0.019608;0.500000;1.000000;-2.566687

2;11.208193;454.505676;385.491913;37.918068;0.647059;0.160784;0.500000;1.000000;0.616768

2;13.708822;656.781006;329.366241;12.911774;0.909804;0.227451;0.500000;1.000000;0.755522

2;5.818177;518.461914;286.981293;91.818222;0.082353;0.019608;0.500000;1.000000;-2.566687

2;11.208193;454.505676;385.491913;37.918068;0.647059;0.160784;0.500000;1.000000;0.616768

2;13.708822;387.455139;392.129120;12.911774;0.909804;0.227451;0.500000;1.000000;0.755522

2;15.120748;684.771973;241.176682;-1.207481;0.054902;0.262745;0.500000;1.000000;0.803579

2;5.818177;518.461914;286.981293;91.818222;0.082353;0.019608;0.500000;1.000000;-2.566687

2;6.449697;530.505615;284.957458;85.503029;0.149020;0.035294;0.500000;1.000000;-0.969398

2;9.989677;461.067352;363.776886;50.103226;0.521569;0.129412;0.500000;1.000000;0.498759

2;14.868543;662.173767;370.831024;1.314568;0.031373;0.254902;0.500000;1.000000;0.796004

2;6.449697;530.505615;284.957458;85.503029;0.149020;0.035294;0.500000;1.000000;-0.969398

2;6.803724;537.047913;284.159546;81.962761;0.188235;0.047059;0.500000;1.000000;-0.563226

2;9.440325;464.758606;354.323486;55.596756;0.462745;0.113725;0.500000;1.000000;0.424374

2;15.392532;657.972046;395.223877;-3.925323;0.086275;0.270588;0.500000;1.000000;0.811331

2;9.989677;461.067352;363.776886;50.103226;0.521569;0.129412;0.500000;1.000000;0.498759

2;14.868543;348.849213;376.067017;1.314568;0.031373;0.254902;0.500000;1.000000;0.796004

2;15.660355;495.939667;478.273560;-6.603546;0.113725;0.278431;0.500000;1.000000;0.818583

2;9.989677;595.421143;279.792328;50.103226;0.521569;0.129412;0.500000;1.000000;0.498759

2;11.208193;617.507751;274.617371;37.918068;0.647059;0.160784;0.500000;1.000000;0.616768

2;5.818177;493.321136;293.533752;91.818222;0.082353;0.019608;0.500000;1.000000;-2.566687

2;15.120748;377.393951;147.358521;-1.207481;0.054902;0.262745;0.500000;1.000000;0.803579

2;13.708822;656.781006;329.366241;12.911774;0.909804;0.227451;0.500000;1.000000;0.755522

2;16.000059;453.138336;478.148621;-10.000595;0.149020;0.286275;0.500000;1.000000;0.827274

2;10.839971;610.257385;269.865082;41.600296;0.607843;0.149020;0.500000;1.000000;0.586299

2;13.697008;653.091675;226.480698;13.029915;0.905882;0.223529;0.500000;1.000000;0.755054

2;6.001874;490.558105;270.482483;89.981255;0.101961;0.023529;0.500000;1.000000;-1.894388

2;5.841992;518.850159;278.785858;91.580078;0.086275;0.019608;0.500000;1.000000;-2.462977

2;6.460234;530.689758;280.916382;85.397659;0.149020;0.035294;0.500000;1.000000;-0.954466

2;6.809697;537.154663;281.762085;81.903030;0.188235;0.047059;0.500000;1.000000;-0.557736

2;9.431904;461.835999;352.455109;55.680962;0.462745;0.113725;0.500000;1.000000;0.423090

2;15.904686;322.016174;365.762238;-9.046860;0.137255;0.282353;0.500000;1.000000;0.824889

2;15.381955;657.538208;170.511078;-3.819550;0.082353;0.270588;0.500000;1.000000;0.811037

2;9.973208;461.390167;202.393738;50.267918;0.517647;0.129412;0.500000;1.000000;0.496768

2;5.913174;503.792816;266.259766;90.868263;0.094118;0.023529;0.500000;1.000000;-2.185246

2;6.113632;523.310913;276.372253;88.863678;0.113725;0.027451;0.500000;1.000000;-1.593887

2;6.585727;532.860413;279.501526;84.142731;0.164706;0.039216;0.500000;1.000000;-0.791877

2;9.783468;464.975952;204.464188;52.165318;0.498039;0.121569;0.500000;1.000000;0.472840

2;5.926315;504.639221;266.029602;90.736855;0.094118;0.023529;0.500000;1.000000;-2.138640

2;6.132442;523.619080;276.208160;88.675575;0.117647;0.027451;0.500000;1.000000;-1.549142

2;10.643653;463.698608;187.704590;43.563469;0.588235;0.145098;0.500000;1.000000;0.568429

2;13.605758;377.159210;189.173111;13.942429;0.898039;0.223529;0.500000;1.000000;0.751396

2;16.191042;699.602234;344.920349;-11.910416;0.168627;0.290196;0.500000;1.000000;0.831928

2;6.132442;500.072357;303.386536;88.675575;0.117647;0.027451;0.500000;1.000000;-1.549142

2;13.605758;377.159210;189.173111;13.942429;0.898039;0.223529;0.500000;1.000000;0.751396

2;5.804214;493.118195;273.051636;91.957855;0.082353;0.019608;0.500000;1.000000;-2.630347

2;15.176695;447.382599;105.225258;-1.766953;0.062745;0.262745;0.500000;1.000000;0.805209

2;11.254082;618.268127;292.449493;37.459183;0.650980;0.160784;0.500000;1.000000;0.620313

2;5.804214;493.118195;273.051636;91.957855;0.082353;0.019608;0.500000;1.000000;-2.630347

2;5.884374;519.839233;279.536499;91.156265;0.090196;0.019608;0.500000;1.000000;-2.292232

2;11.053179;442.496643;375.373047;39.468208;0.631373;0.156863;0.500000;1.000000;0.604393

2;15.140024;372.949524;414.851257;-1.400246;0.058824;0.262745;0.500000;1.000000;0.804143

2;13.889804;658.919617;232.380661;11.101959;0.929412;0.231373;0.500000;1.000000;0.762535

2;15.176695;447.382599;105.225258;-1.766953;0.062745;0.262745;0.500000;1.000000;0.805209

2;6.439060;488.970459;261.316742;85.609398;0.149020;0.035294;0.500000;1.000000;-0.984694

2;5.841710;517.711121;275.919617;91.582901;0.086275;0.019608;0.500000;1.000000;-2.464173

2;11.287302;433.790192;374.417267;37.126976;0.654902;0.160784;0.500000;1.000000;0.622848

2;15.683868;696.553101;318.898560;-6.838676;0.113725;0.278431;0.500000;1.000000;0.819203

2;15.692518;339.017548;388.869507;-6.925186;0.117647;0.278431;0.500000;1.000000;0.819430

2;14.814377;500.498230;462.896149;1.856232;0.023529;0.254902;0.500000;1.000000;0.794326

2;10.008646;595.755432;286.577698;49.913536;0.521569;0.129412;0.500000;1.000000;0.501036

2;6.439060;488.970459;261.316742;85.609398;0.149020;0.035294;0.500000;1.000000;-0.984694

2;15.692518;339.017548;388.869507;-6.925186;0.117647;0.278431;0.500000;1.000000;0.819430

2;5.917022;489.606659;291.687805;90.829781;0.094118;0.023529;0.500000;1.000000;-2.171459

2;5.817222;518.699036;285.899963;91.827782;0.082353;0.019608;0.500000;1.000000;-2.570975

2;6.455692;530.649292;284.431366;85.443085;0.149020;0.035294;0.500000;1.000000;-0.960876

2;9.976992;460.418549;363.164062;50.230083;0.517647;0.129412;0.500000;1.000000;0.497226

2;5.901940;503.715881;299.533142;90.980591;0.094118;0.023529;0.500000;1.000000;-2.226161

2;6.111497;523.299072;289.541107;88.885033;0.113725;0.027451;0.500000;1.000000;-1.599063

2;10.677021;463.035461;378.678040;43.229790;0.592157;0.145098;0.500000;1.000000;0.571554

2;13.625191;649.481079;344.966797;13.748093;0.901961;0.223529;0.500000;1.000000;0.752182

2;6.111497;488.685699;296.442932;88.885033;0.113725;0.027451;0.500000;1.000000;-1.599063

2;5.810513;518.186584;287.420654;91.894867;0.082353;0.019608;0.500000;1.000000;-2.601359

2;6.442519;530.357483;285.164276;85.574814;0.149020;0.035294;0.500000;1.000000;-0.979695

2;10.002869;461.255005;364.149780;49.971317;0.521569;0.129412;0.500000;1.000000;0.500344

2;5.916477;503.692810;299.799255;90.835236;0.094118;0.023529;0.500000;1.000000;-2.173406

2;13.096247;475.729462;428.714081;19.037537;0.843137;0.207843;0.500000;1.000000;0.729458

2;11.169960;615.841980;299.928711;38.300404;0.643137;0.160784;0.500000;1.000000;0.613773

2;5.916477;503.692810;299.799255;90.835236;0.094118;0.023529;0.500000;1.000000;-2.173406

2;13.096247;391.943176;185.659943;19.037537;0.843137;0.207843;0.500000;1.000000;0.729458

2;5.817155;494.145325;271.716339;91.828445;0.082353;0.019608;0.500000;1.000000;-2.571273

2;14.929852;453.327057;108.147308;0.701485;0.035294;0.258824;0.500000;1.000000;0.797881

2;11.182611;452.658661;181.946503;38.173882;0.643137;0.160784;0.500000;1.000000;0.614768

2;13.901983;385.371552;170.917389;10.980171;0.929412;0.231373;0.500000;1.000000;0.762996

2;14.929852;680.763367;326.542267;0.701485;0.035294;0.258824;0.500000;1.000000;0.797881

2;5.817155;499.155396;297.176239;91.828445;0.082353;0.019608;0.500000;1.000000;-2.571273

2;13.901983;466.247833;441.776581;10.980171;0.929412;0.231373;0.500000;1.000000;0.762996

2;11.182611;617.185547;289.063843;38.173882;0.643137;0.160784;0.500000;1.000000;0.614768

2;16.013817;702.120483;321.986664;-10.138176;0.149020;0.286275;0.500000;1.000000;0.827615

2;5.916477;518.702209;274.866394;90.835236;0.094118;0.023529;0.500000;1.000000;-2.173406

2;11.169960;462.739716;177.677643;38.300404;0.643137;0.160784;0.500000;1.000000;0.613773

2;13.096247;644.327393;234.625961;19.037537;0.843137;0.207843;0.500000;1.000000;0.729458

2;5.916477;518.702209;274.866394;90.835236;0.094118;0.023529;0.500000;1.000000;-2.173406

2;6.458681;530.441284;278.997772;85.413193;0.149020;0.035294;0.500000;1.000000;-0.956653

2;9.994465;464.015289;200.626419;50.055351;0.521569;0.129412;0.500000;1.000000;0.499335

2;14.486473;655.078796;196.843689;5.135269;0.988235;0.247059;0.500000;1.000000;0.783760

2;6.458681;487.313324;262.102264;85.413193;0.149020;0.035294;0.500000;1.000000;-0.956653

2;16.108868;333.562897;394.488251;-11.088669;0.160784;0.290196;0.500000;1.000000;0.829945

2;5.948719;488.983582;291.776642;90.512810;0.098039;0.023529;0.500000;1.000000;-2.062158

2;16.164703;368.783203;129.335175;-11.647041;0.164706;0.290196;0.500000;1.000000;0.831296

2;6.117652;488.384644;269.733063;88.823486;0.113725;0.027451;0.500000;1.000000;-1.584199

2;16.183798;458.362915;83.107201;-11.837975;0.168627;0.290196;0.500000;1.000000;0.831755

2;10.676504;463.645660;187.073288;43.234962;0.592157;0.145098;0.500000;1.000000;0.571506

2;6.050111;501.725159;263.882843;89.498894;0.109804;0.027451;0.500000;1.000000;-1.756841

2;6.076040;522.310730;275.659119;89.239601;0.109804;0.027451;0.500000;1.000000;-1.688001

2;10.778149;439.254089;366.843353;42.218521;0.603922;0.149020;0.500000;1.000000;0.580803

2;16.194359;356.974243;426.187805;-11.943596;0.168627;0.290196;0.500000;1.000000;0.832008

2;13.439846;483.479034;436.363678;15.601540;0.882353;0.219608;0.500000;1.000000;0.744543

2;10.778149;439.254089;366.843353;42.218521;0.603922;0.149020;0.500000;1.000000;0.580803

2;5.803976;500.373718;297.286530;91.960236;0.082353;0.019608;0.500000;1.000000;-2.631453

2;13.685892;467.103455;437.907898;13.141075;0.905882;0.223529;0.500000;1.000000;0.754612

2;11.239979;439.613770;377.560486;37.600216;0.650980;0.160784;0.500000;1.000000;0.619229

2;15.100166;378.407135;419.067078;-1.001663;0.054902;0.262745;0.500000;1.000000;0.802975

2;6.036163;490.197144;296.051483;89.638367;0.105882;0.023529;0.500000;1.000000;-1.795297

2;5.836673;518.702576;287.372528;91.633270;0.086275;0.019608;0.500000;1.000000;-2.485630

2;11.179930;439.608673;189.777924;38.200703;0.643137;0.160784;0.500000;1.000000;0.614558

2;15.220131;686.494995;240.541367;-2.201309;0.066667;0.266667;0.500000;1.000000;0.806462

2;5.836673;518.702576;287.372528;91.633270;0.086275;0.019608;0.500000;1.000000;-2.485630

2;11.179930;439.608673;189.777924;38.200703;0.643137;0.160784;0.500000;1.000000;0.614558

2;5.880615;499.305969;267.552856;91.193848;0.090196;0.019608;0.500000;1.000000;-2.306710

2;13.849824;383.309418;391.433411;11.501755;0.921569;0.227451;0.500000;1.000000;0.761010

2;15.168743;684.406250;236.004303;-1.687431;0.062745;0.262745;0.500000;1.000000;0.804978

2;5.880615;519.724609;286.658447;91.193848;0.090196;0.019608;0.500000;1.000000;-2.306710

2;6.483755;531.140320;284.832855;85.162453;0.152941;0.035294;0.500000;1.000000;-0.921898

2;9.933329;461.371216;362.768219;50.666721;0.513726;0.125490;0.500000;1.000000;0.491891

2;5.906259;503.913605;299.614502;90.937416;0.094118;0.023529;0.500000;1.000000;-2.210314

2;13.064994;392.767059;185.587021;19.350060;0.843137;0.207843;0.500000;1.000000;0.728022

2;16.007786;437.519653;92.455002;-10.077850;0.149020;0.286275;0.500000;1.000000;0.827466

2;11.200385;462.744995;177.076721;37.996147;0.647059;0.160784;0.500000;1.000000;0.616159

2;6.115934;500.022522;262.931580;88.840660;0.113725;0.027451;0.500000;1.000000;-1.588331

2;6.043853;521.594543;275.472107;89.561470;0.105882;0.023529;0.500000;1.000000;-1.773968

2;10.853525;463.606476;183.577698;41.464745;0.611765;0.152941;0.500000;1.000000;0.587488

2;6.075658;501.159515;263.485260;89.243423;0.109804;0.027451;0.500000;1.000000;-1.688991

2;13.447078;483.439606;129.507812;15.529221;0.882353;0.219608;0.500000;1.000000;0.744848

2;6.557842;493.130615;256.588715;84.421577;0.160784;0.039216;0.500000;1.000000;-0.825740

2;14.631045;348.606537;366.842377;3.689552;0.003922;0.250980;0.500000;1.000000;0.788507

2;5.804238;491.349792;290.574219;91.957619;0.082353;0.019608;0.500000;1.000000;-2.630238

2;15.619096;379.972748;132.937103;-6.190956;0.109804;0.274510;0.500000;1.000000;0.817490

2;6.108612;489.200958;269.068878;88.913879;0.113725;0.027451;0.500000;1.000000;-1.606087

2;5.820927;518.327759;278.392578;91.790733;0.082353;0.019608;0.500000;1.000000;-2.554405

2;6.446378;530.420410;280.739838;85.536224;0.149020;0.035294;0.500000;1.000000;-0.974147

2;6.801010;536.991455;281.663086;81.989899;0.188235;0.047059;0.500000;1.000000;-0.565732

2;7.024851;541.111755;282.117920;79.751495;0.207843;0.050980;0.500000;1.000000;-0.381591

2;7.178533;543.934875;282.374817;78.214668;0.227451;0.054902;0.500000;1.000000;-0.277073

2;7.290470;545.989380;282.533905;77.095299;0.239216;0.058824;0.500000;1.000000;-0.209775

2;8.788511;468.774872;342.860931;62.114880;0.396078;0.098039;0.500000;1.000000;0.308132

2;5.810631;508.047363;297.299835;91.893684;0.082353;0.019608;0.500000;1.000000;-2.600819

2;6.202764;525.215149;289.012543;87.972359;0.125490;0.031373;0.500000;1.000000;-1.394255

2;6.641049;533.907715;286.269348;83.589508;0.168627;0.039216;0.500000;1.000000;-0.728099

2;6.916900;539.083496;285.046722;80.831009;0.200000;0.047059;0.500000;1.000000;-0.465027

2;7.101526;542.502563;284.399658;78.984741;0.219608;0.054902;0.500000;1.000000;-0.327534

2;9.030514;465.475616;219.944366;59.694855;0.419608;0.101961;0.500000;1.000000;0.355678

2;16.187233;309.309692;218.491089;-11.872337;0.168627;0.290196;0.500000;1.000000;0.831837

2;5.850166;489.156189;278.246460;91.498337;0.086275;0.019608;0.500000;1.000000;-2.428722

2;5.804066;518.656189;281.418854;91.959335;0.082353;0.019608;0.500000;1.000000;-2.631037

2;6.454238;530.649597;282.219818;85.457619;0.149020;0.035294;0.500000;1.000000;-0.962936

2;9.977072;457.276855;361.376282;50.229279;0.517647;0.129412;0.500000;1.000000;0.497236

2;15.421702;672.343201;373.367218;-4.217026;0.086275;0.270588;0.500000;1.000000;0.812139

2;6.454238;530.649597;282.219818;85.457619;0.149020;0.035294;0.500000;1.000000;-0.962936

2;9.977072;459.485718;203.348450;50.229279;0.517647;0.129412;0.500000;1.000000;0.497236

2;15.105953;666.382263;193.786057;-1.059525;0.054902;0.262745;0.500000;1.000000;0.803145

2;6.454238;489.999512;260.310852;85.457619;0.149020;0.035294;0.500000;1.000000;-0.962936

2;15.421702;498.088715;92.026924;-4.217026;0.086275;0.270588;0.500000;1.000000;0.812139

2;9.977072;595.237427;284.275269;50.229279;0.517647;0.129412;0.500000;1.000000;0.497236

2;6.454238;491.350861;306.469330;85.457619;0.149020;0.035294;0.500000;1.000000;-0.962936

2;5.890564;518.309570;290.861786;91.094360;0.090196;0.019608;0.500000;1.000000;-2.268651

2;11.215652;461.926819;388.902191;37.843475;0.647059;0.160784;0.500000;1.000000;0.617348

2;13.110460;392.638977;381.529022;18.895393;0.847059;0.211765;0.500000;1.000000;0.730107

2;5.824681;494.115753;294.440735;91.753197;0.082353;0.019608;0.500000;1.000000;-2.537772

2;5.906099;520.116150;287.027649;90.939011;0.094118;0.023529;0.500000;1.000000;-2.210897

2;11.021597;441.873199;191.744751;39.784035;0.627451;0.156863;0.500000;1.000000;0.601793

2;15.277249;371.097321;149.442688;-2.772491;0.074510;0.266667;0.500000;1.000000;0.808093

2;6.020744;489.953491;270.634888;89.792557;0.105882;0.023529;0.500000;1.000000;-1.839031

2;5.830669;518.657349;278.866974;91.693306;0.086275;0.019608;0.500000;1.000000;-2.511546

2;11.185533;454.967377;180.746964;38.144676;0.643137;0.160784;0.500000;1.000000;0.614997

2;6.034671;499.783630;264.505554;89.653290;0.105882;0.023529;0.500000;1.000000;-1.799472

2;13.699881;480.270599;125.277252;13.001198;0.905882;0.223529;0.500000;1.000000;0.755168

2;6.551330;492.367950;257.046417;84.486702;0.160784;0.039216;0.500000;1.000000;-0.833825

2;5.918828;518.387634;274.238922;90.811722;0.094118;0.023529;0.500000;1.000000;-2.165030

2;6.450797;530.249939;278.711334;85.492027;0.149020;0.035294;0.500000;1.000000;-0.967829

2;6.795900;536.827698;280.472351;82.040993;0.184314;0.043137;0.500000;1.000000;-0.570471

2;9.457593;460.001221;351.867126;55.424068;0.462745;0.113725;0.500000;1.000000;0.426991

2;16.175896;672.233337;399.953156;-11.758965;0.168627;0.290196;0.500000;1.000000;0.831565

2;6.795900;536.827698;280.472351;82.040993;0.184314;0.043137;0.500000;1.000000;-0.570471

2;9.457593;466.358704;210.462372;55.424068;0.462745;0.113725;0.500000;1.000000;0.426991

2;15.109007;653.510986;173.481384;-1.090073;0.054902;0.262745;0.500000;1.000000;0.803235

2;6.795900;536.827698;280.472351;82.040993;0.184314;0.043137;0.500000;1.000000;-0.570471

2;9.457593;460.001221;351.867126;55.424068;0.462745;0.113725;0.500000;1.000000;0.426991

2;5.805305;505.237061;297.712006;91.946953;0.082353;0.019608;0.500000;1.000000;-2.625299

2;12.890790;470.332367;423.692230;21.092102;0.823529;0.203922;0.500000;1.000000;0.719810

2;6.391028;494.864075;306.809570;86.089714;0.145098;0.035294;0.500000;1.000000;-1.056678

2;5.956027;519.427368;291.318512;90.439735;0.098039;0.023529;0.500000;1.000000;-2.037989

2;6.478388;530.786255;287.136505;85.216118;0.152941;0.035294;0.500000;1.000000;-0.929237

2;9.963650;464.455200;364.958832;50.363510;0.517647;0.129412;0.500000;1.000000;0.495606

2;5.949129;504.035187;300.400665;90.508713;0.098039;0.023529;0.500000;1.000000;-2.060795

2;13.032730;391.782288;187.634018;19.672707;0.839216;0.207843;0.500000;1.000000;0.726528

2;16.184761;437.977966;88.865479;-11.847610;0.168627;0.290196;0.500000;1.000000;0.831778

2;6.468583;486.974396;262.142578;85.314171;0.152941;0.035294;0.500000;1.000000;-0.942786

2;16.190716;332.223297;395.181458;-11.907158;0.168627;0.290196;0.500000;1.000000;0.831921

2;14.438200;503.851440;456.033600;5.617996;0.984314;0.243137;0.500000;1.000000;0.782143

2;6.806413;489.705139;312.873566;81.935875;0.188235;0.047059;0.500000;1.000000;-0.560750

2;15.112690;334.051941;208.901672;-1.126900;0.054902;0.262745;0.500000;1.000000;0.803343

2;16.193027;521.962952;78.582214;-11.930275;0.168627;0.290196;0.500000;1.000000;0.831976

2;7.025893;483.987213;251.711502;79.741074;0.211765;0.050980;0.500000;1.000000;-0.380828

2;5.803992;515.292419;273.526611;91.960075;0.082353;0.019608;0.500000;1.000000;-2.631379

2;11.565715;426.377167;374.999878;34.342850;0.686275;0.168627;0.500000;1.000000;0.643081

2;5.822442;497.979004;296.823792;91.775574;0.082353;0.019608;0.500000;1.000000;-2.547673

2;5.986548;521.353882;288.096375;90.134514;0.101961;0.023529;0.500000;1.000000;-1.940905

2;10.884674;459.003662;381.054321;41.153263;0.611765;0.152941;0.500000;1.000000;0.590201

2;13.728903;380.660858;384.965759;12.710968;0.909804;0.227451;0.500000;1.000000;0.756314

2;15.609119;691.204102;230.226242;-6.091194;0.105882;0.274510;0.500000;1.000000;0.817224

2;14.122717;382.950623;167.589676;8.772835;0.952941;0.235294;0.500000;1.000000;0.771151

2;14.727687;457.060242;110.947258;2.723129;0.015686;0.250980;0.500000;1.000000;0.791602

2;11.151513;616.722229;286.538788;38.484867;0.643137;0.160784;0.500000;1.000000;0.612315

2;5.822442;497.979004;296.823792;91.775574;0.082353;0.019608;0.500000;1.000000;-2.547673

2;14.122717;464.576416;445.536987;8.772835;0.952941;0.235294;0.500000;1.000000;0.771151

2;11.151513;444.574219;378.850922;38.484867;0.643137;0.160784;0.500000;1.000000;0.612315

2;14.727687;676.471924;328.375366;2.723129;0.015686;0.250980;0.500000;1.000000;0.791602

2;5.822442;497.979004;296.823792;91.775574;0.082353;0.019608;0.500000;1.000000;-2.547673

2;5.986548;521.353882;288.096375;90.134514;0.101961;0.023529;0.500000;1.000000;-1.940905

2;10.884674;459.003662;381.054321;41.153263;0.611765;0.152941;0.500000;1.000000;0.590201

2;6.031057;500.853821;301.639069;89.689423;0.105882;0.023529;0.500000;1.000000;-1.809634

2;13.516836;480.770233;437.404327;14.831635;0.890196;0.219608;0.500000;1.000000;0.747757

2;10.842943;439.665741;368.650085;41.570560;0.607843;0.149020;0.500000;1.000000;0.586560

2;15.968563;697.845154;336.491852;-9.685623;0.145098;0.286275;0.500000;1.000000;0.826491

2;13.728903;380.660858;384.965759;12.710968;0.909804;0.227451;0.500000;1.000000;0.756314

2;15.609119;691.204102;230.226242;-6.091194;0.105882;0.274510;0.500000;1.000000;0.817224

2;14.122717;382.950623;167.589676;8.772835;0.952941;0.235294;0.500000;1.000000;0.771151

2;5.925194;492.060699;270.951782;90.748062;0.094118;0.023529;0.500000;1.000000;-2.142563

2;5.868616;519.378967;278.866974;91.313843;0.090196;0.019608;0.500000;1.000000;-2.353772

2;6.474515;530.954224;280.940399;85.254852;0.152941;0.035294;0.500000;1.000000;-0.934567

2;6.818283;537.312500;281.771088;81.817169;0.188235;0.047059;0.500000;1.000000;-0.549908

2;9.419490;465.029999;211.963211;55.805099;0.458824;0.113725;0.500000;1.000000;0.421189

2;15.391659;329.416809;206.736023;-3.916588;0.086275;0.270588;0.500000;1.000000;0.811307

2;15.910966;523.969788;83.964928;-9.109657;0.137255;0.282353;0.500000;1.000000;0.825047

2;7.036434;484.631073;251.082626;79.635658;0.211765;0.050980;0.500000;1.000000;-0.373163

2;5.817484;515.406189;273.278137;91.825157;0.082353;0.019608;0.500000;1.000000;-2.569795

2;11.550584;463.743591;169.854080;34.494164;0.682353;0.168627;0.500000;1.000000;0.642026

2;6.173467;498.950592;262.087402;88.265335;0.121569;0.027451;0.500000;1.000000;-1.456528

2;6.024907;521.127380;275.272491;89.750938;0.105882;0.023529;0.500000;1.000000;-1.827096

2;10.903070;437.208069;368.153107;40.969288;0.615686;0.152941;0.500000;1.000000;0.591790

2;16.167648;361.332031;429.848236;-11.676476;0.164706;0.290196;0.500000;1.000000;0.831367

2;6.083299;488.495300;295.411407;89.167007;0.109804;0.027451;0.500000;1.000000;-1.669319

2;16.185162;356.391327;140.655975;-11.851631;0.168627;0.290196;0.500000;1.000000;0.831788

2;13.469854;647.434082;342.487396;15.301453;0.882353;0.219608;0.500000;1.000000;0.745803

2;6.083299;488.495300;295.411407;89.167007;0.109804;0.027451;0.500000;1.000000;-1.669319

2;5.804637;518.177368;287.076050;91.953629;0.082353;0.019608;0.500000;1.000000;-2.628387

2;11.240802;439.476837;188.514633;37.591984;0.650980;0.160784;0.500000;1.000000;0.619293

2;15.113824;684.911377;242.359024;-1.138245;0.054902;0.262745;0.500000;1.000000;0.803376

2;16.185162;356.391327;140.655975;-11.851631;0.168627;0.290196;0.500000;1.000000;0.831788

2;13.469854;483.800568;129.038742;15.301453;0.882353;0.219608;0.500000;1.000000;0.745803

2;6.562915;493.056824;256.518585;84.370850;0.160784;0.039216;0.500000;1.000000;-0.819490

2;14.641775;348.291870;366.672882;3.582253;0.007843;0.250980;0.500000;1.000000;0.788854

2;16.190624;501.187897;488.142151;-11.906235;0.168627;0.290196;0.500000;1.000000;0.831918

2;9.822355;465.036987;362.361084;51.776451;0.501961;0.125490;0.500000;1.000000;0.477897

2;14.641775;348.291870;366.672882;3.582253;0.007843;0.250980;0.500000;1.000000;0.788854

2;5.804245;491.333160;290.546570;91.957550;0.082353;0.019608;0.500000;1.000000;-2.630208

2;15.623444;435.921997;465.477570;-6.234436;0.109804;0.274510;0.500000;1.000000;0.817606

2;11.385729;620.023315;267.367676;36.142712;0.666667;0.164706;0.500000;1.000000;0.630202

2;16.190624;683.064392;182.864288;-11.906235;0.168627;0.290196;0.500000;1.000000;0.831918

2;6.562915;493.056824;256.518585;84.370850;0.160784;0.039216;0.500000;1.000000;-0.819490

2;14.641775;348.291870;366.672882;3.582253;0.007843;0.250980;0.500000;1.000000;0.788854

2;16.190624;683.064392;182.864288;-11.906235;0.168627;0.290196;0.500000;1.000000;0.831918

2;6.562915;532.405212;286.763641;84.370850;0.160784;0.039216;0.500000;1.000000;-0.819490

2;6.866308;538.138428;285.297913;81.336922;0.192157;0.047059;0.500000;1.000000;-0.507452

2;9.355042;461.290802;215.540833;56.449577;0.454902;0.113725;0.500000;1.000000;0.411143

2;16.192871;669.163696;161.225311;-11.928711;0.168627;0.290196;0.500000;1.000000;0.831972

2;6.866308;538.138428;285.297913;81.336922;0.192157;0.047059;0.500000;1.000000;-0.507452

2;9.355042;461.290802;215.540833;56.449577;0.454902;0.113725;0.500000;1.000000;0.411143

2;16.192871;315.958191;200.851395;-11.928711;0.168627;0.290196;0.500000;1.000000;0.831972

2;15.217458;652.390442;397.320068;-2.174576;0.066667;0.266667;0.500000;1.000000;0.806385

2;6.866308;538.138428;285.297913;81.336922;0.192157;0.047059;0.500000;1.000000;-0.507452

2;9.355042;466.933258;353.716827;56.449577;0.454902;0.113725;0.500000;1.000000;0.411143

2;15.217458;330.800690;354.349854;-2.174576;0.066667;0.266667;0.500000;1.000000;0.806385

2;16.192871;669.163696;161.225311;-11.928711;0.168627;0.290196;0.500000;1.000000;0.831972

2;6.866308;488.920868;252.286316;81.336922;0.192157;0.047059;0.500000;1.000000;-0.507452

2;15.217458;528.808838;97.330078;-2.174576;0.066667;0.266667;0.500000;1.000000;0.806385

2;9.355042;583.775940;279.742340;56.449577;0.454902;0.113725;0.500000;1.000000;0.411143

2;6.866308;488.920868;252.286316;81.336922;0.192157;0.047059;0.500000;1.000000;-0.507452

2;15.217458;330.800690;354.349854;-2.174576;0.066667;0.266667;0.500000;1.000000;0.806385

2;5.804083;490.491302;288.901459;91.959167;0.082353;0.019608;0.500000;1.000000;-2.630957

2;5.829594;519.077942;284.994202;91.704063;0.086275;0.019608;0.500000;1.000000;-2.516228

2;11.140418;444.158966;187.647858;38.595818;0.639216;0.156863;0.500000;1.000000;0.611434

2;14.791238;677.630371;237.448685;2.087616;0.023529;0.254902;0.500000;1.000000;0.793604

2;15.848684;382.827881;125.280128;-8.486847;0.133333;0.282353;0.500000;1.000000;0.823469

2;12.830143;470.323730;143.453369;21.698570;0.815686;0.203922;0.500000;1.000000;0.716865

2;11.499617;621.573425;263.622101;35.003838;0.678431;0.168627;0.500000;1.000000;0.638434

2;5.804083;490.491302;288.901459;91.959167;0.082353;0.019608;0.500000;1.000000;-2.630957

2;15.848684;382.827881;125.280128;-8.486847;0.133333;0.282353;0.500000;1.000000;0.823469

2;6.149405;488.731720;268.476685;88.505959;0.117647;0.027451;0.500000;1.000000;-1.510048

2;16.054684;464.118256;84.293564;-10.546829;0.152941;0.286275;0.500000;1.000000;0.828622

2;10.584875;605.790100;294.061523;44.151257;0.580392;0.145098;0.500000;1.000000;0.562835

2;6.149405;488.731720;268.476685;88.505959;0.117647;0.027451;0.500000;1.000000;-1.510048

2;16.054684;351.856049;416.891846;-10.546829;0.152941;0.286275;0.500000;1.000000;0.828622

2;13.774576;651.200134;218.112534;12.254234;0.913725;0.227451;0.500000;1.000000;0.758103

2;12.830143;470.323730;143.453369;21.698570;0.815686;0.203922;0.500000;1.000000;0.716865

2;11.499617;428.431519;190.867371;35.003838;0.678431;0.168627;0.500000;1.000000;0.638434

2;15.848684;382.827881;125.280128;-8.486847;0.133333;0.282353;0.500000;1.000000;0.823469

2;6.149405;488.731720;268.476685;88.505959;0.117647;0.027451;0.500000;1.000000;-1.510048

2;5.814135;518.141968;278.226654;91.858658;0.082353;0.019608;0.500000;1.000000;-2.584895

2;6.441494;530.324036;280.665009;85.585068;0.149020;0.035294;0.500000;1.000000;-0.981175

2;10.005806;461.478699;201.672012;49.941940;0.521569;0.129412;0.500000;1.000000;0.500696

2;14.785955;660.950684;196.085480;2.140442;0.019608;0.254902;0.500000;1.000000;0.793438

2;6.441494;530.324036;280.665009;85.585068;0.149020;0.035294;0.500000;1.000000;-0.981175

2;10.005806;461.478699;201.672012;49.941940;0.521569;0.129412;0.500000;1.000000;0.500696

2;14.785955;350.254456;190.533966;2.140442;0.019608;0.254902;0.500000;1.000000;0.793438

2;15.729385;494.694397;86.514839;-7.293854;0.121569;0.278431;0.500000;1.000000;0.820394

2;10.005806;461.478699;201.672012;49.941940;0.521569;0.129412;0.500000;1.000000;0.500696

2;14.785955;350.254456;190.533966;2.140442;0.019608;0.254902;0.500000;1.000000;0.793438

2;5.838818;491.060638;274.689392;91.611824;0.086275;0.019608;0.500000;1.000000;-2.476462

2;15.673090;376.851959;431.732758;-6.730904;0.113725;0.278431;0.500000;1.000000;0.818919

2;13.186637;471.448914;429.515991;18.133629;0.854902;0.211765;0.500000;1.000000;0.733549

2;11.292546;618.377869;298.046906;37.074539;0.654902;0.160784;0.500000;1.000000;0.623245

2;15.729385;678.813965;373.183685;-7.293854;0.121569;0.278431;0.500000;1.000000;0.820394

2;6.441494;530.324036;280.665009;85.585068;0.149020;0.035294;0.500000;1.000000;-0.981175

2;10.005806;461.478699;201.672012;49.941940;0.521569;0.129412;0.500000;1.000000;0.500696

2;5.919685;503.698792;266.141785;90.803146;0.094118;0.023529;0.500000;1.000000;-2.161985

2;13.094300;391.860809;380.190704;19.056999;0.843137;0.207843;0.500000;1.000000;0.729369

2;16.026501;702.323364;243.840134;-10.265015;0.152941;0.286275;0.500000;1.000000;0.827928

2;14.785955;350.254456;190.533966;2.140442;0.019608;0.254902;0.500000;1.000000;0.793438

2;15.729385;494.694397;86.514839;-7.293854;0.121569;0.278431;0.500000;1.000000;0.820394

2;10.005806;461.478699;201.672012;49.941940;0.521569;0.129412;0.500000;1.000000;0.500696

2;14.785955;660.950684;196.085480;2.140442;0.019608;0.254902;0.500000;1.000000;0.793438

2;6.441494;488.815826;261.370209;85.585068;0.149020;0.035294;0.500000;1.000000;-0.981175

2;5.838818;517.666870;275.949493;91.611824;0.086275;0.019608;0.500000;1.000000;-2.476462

2;11.292546;433.780090;374.530670;37.074539;0.654902;0.160784;0.500000;1.000000;0.623245

2;15.673090;376.851959;431.732758;-6.730904;0.113725;0.278431;0.500000;1.000000;0.818919

2;13.186637;647.162109;237.932053;18.133629;0.854902;0.211765;0.500000;1.000000;0.733549

2;5.838818;491.060638;274.689392;91.611824;0.086275;0.019608;0.500000;1.000000;-2.476462

2;15.673090;438.767670;98.520203;-6.730904;0.113725;0.278431;0.500000;1.000000;0.818919

2;11.292546;618.377869;298.046906;37.074539;0.654902;0.160784;0.500000;1.000000;0.623245

2;5.838818;491.060638;274.689392;91.611824;0.086275;0.019608;0.500000;1.000000;-2.476462

2;15.673090;438.767670;98.520203;-6.730904;0.113725;0.278431;0.500000;1.000000;0.818919

2;11.292546;618.377869;298.046906;37.074539;0.654902;0.160784;0.500000;1.000000;0.623245

2;5.838818;491.060638;274.689392;91.611824;0.086275;0.019608;0.500000;1.000000;-2.476462

2;15.673090;376.851959;431.732758;-6.730904;0.113725;0.278431;0.500000;1.000000;0.818919

2;13.186637;647.162109;237.932053;18.133629;0.854902;0.211765;0.500000;1.000000;0.733549

2;5.838818;491.060638;274.689392;91.611824;0.086275;0.019608;0.500000;1.000000;-2.476462

2;5.843242;519.199280;280.175751;91.567581;0.086275;0.019608;0.500000;1.000000;-2.457697

2;11.125840;452.993958;182.943726;38.741600;0.639216;0.156863;0.500000;1.000000;0.610271

2;13.949484;660.801270;234.692612;10.505157;0.933333;0.231373;0.500000;1.000000;0.764785

2;5.843242;519.199280;280.175751;91.567581;0.086275;0.019608;0.500000;1.000000;-2.457697

2;11.125840;452.993958;182.943726;38.741600;0.639216;0.156863;0.500000;1.000000;0.610271

2;6.005645;499.891205;265.026855;89.943558;0.101961;0.023529;0.500000;1.000000;-1.883161

2;13.693517;380.414337;383.642578;13.064835;0.905882;0.223529;0.500000;1.000000;0.754915

2;15.704098;692.745605;229.279175;-7.040977;0.117647;0.278431;0.500000;1.000000;0.819734

2;6.005645;521.619629;288.428253;89.943558;0.101961;0.023529;0.500000;1.000000;-1.883161

2;10.855545;459.811066;380.835144;41.444557;0.611765;0.152941;0.500000;1.000000;0.587665

2;13.693517;380.414337;383.642578;13.064835;0.905882;0.223529;0.500000;1.000000;0.754915

2;15.704098;456.150787;473.318909;-7.040977;0.117647;0.278431;0.500000;1.000000;0.819734

2;10.855545;459.811066;380.835144;41.444557;0.611765;0.152941;0.500000;1.000000;0.587665

2;13.693517;380.414337;383.642578;13.064835;0.905882;0.223529;0.500000;1.000000;0.754915

2;5.840799;492.932678;293.729675;91.592003;0.086275;0.019608;0.500000;1.000000;-2.468033

2;5.882288;519.740601;286.724640;91.177116;0.090196;0.019608;0.500000;1.000000;-2.300249

2;11.063811;455.149750;382.861877;39.361885;0.631373;0.156863;0.500000;1.000000;0.605262

2;6.018082;500.154144;301.264313;89.819183;0.105882;0.023529;0.500000;1.000000;-1.846718

2;13.642273;479.568695;439.546722;13.577271;0.901961;0.223529;0.500000;1.000000;0.752869

2;6.540586;492.548676;308.818512;84.594131;0.160784;0.039216;0.500000;1.000000;-0.847310

2;14.766572;507.564453;462.018341;2.334282;0.019608;0.254902;0.500000;1.000000;0.792830

2;6.855548;488.589508;313.327667;81.444519;0.192157;0.047059;0.500000;1.000000;-0.516773

2;5.873373;516.737671;292.702118;91.266273;0.090196;0.019608;0.500000;1.000000;-2.334961

2;11.391060;464.572510;393.336517;36.089397;0.666667;0.164706;0.500000;1.000000;0.630594

2;6.160589;499.483948;303.792694;88.394112;0.117647;0.027451;0.500000;1.000000;-1.484894

2;6.035192;521.329895;290.736877;89.648079;0.105882;0.023529;0.500000;1.000000;-1.798013

2;10.881279;463.807861;383.052429;41.187206;0.611765;0.152941;0.500000;1.000000;0.589907

2;6.081840;501.080444;302.617676;89.181602;0.109804;0.027451;0.500000;1.000000;-1.673054

2;13.457665;380.990417;188.599915;15.423347;0.882353;0.219608;0.500000;1.000000;0.745292

2;16.193718;701.317139;339.395355;-11.937180;0.168627;0.290196;0.500000;1.000000;0.831993

2;6.081840;522.449158;275.719574;89.181602;0.109804;0.027451;0.500000;1.000000;-1.673054

2;6.561481;532.375000;279.208954;84.385185;0.160784;0.039216;0.500000;1.000000;-0.821252

2;9.824938;465.055206;203.577225;51.750622;0.501961;0.125490;0.500000;1.000000;0.478230

2;5.934088;504.515198;265.882812;90.659126;0.094118;0.023529;0.500000;1.000000;-2.111690

2;6.130098;523.557556;276.162109;88.699020;0.117647;0.027451;0.500000;1.000000;-1.554636

2;10.649860;463.736053;187.565247;43.501400;0.588235;0.145098;0.500000;1.000000;0.569013

2;13.594748;377.395355;189.193329;14.052521;0.898039;0.223529;0.500000;1.000000;0.750950

2;16.195980;699.790344;344.625092;-11.959801;0.168627;0.290196;0.500000;1.000000;0.832047

2;12.963910;393.356659;378.265503;20.360901;0.831373;0.207843;0.500000;1.000000;0.723301

2;16.195717;705.816040;245.585876;-11.957169;0.168627;0.290196;0.500000;1.000000;0.832040

2;14.635071;348.434814;199.320770;3.649292;0.003922;0.250980;0.500000;1.000000;0.788637

2;5.803936;491.343964;275.446381;91.960648;0.082353;0.019608;0.500000;1.000000;-2.631643

2;5.847393;519.320312;280.422913;91.526070;0.086275;0.019608;0.500000;1.000000;-2.440269

2;6.472406;530.963562;281.716125;85.275940;0.152941;0.035294;0.500000;1.000000;-0.937482

2;9.949090;460.451416;203.400665;50.509102;0.513726;0.125490;0.500000;1.000000;0.493828

2;5.897619;503.802856;266.544830;91.023811;0.090196;0.019608;0.500000;1.000000;-2.242175

2;6.113183;523.339355;276.481567;88.868164;0.113725;0.027451;0.500000;1.000000;-1.594974

2;6.586486;532.881165;279.557465;84.135139;0.164706;0.039216;0.500000;1.000000;-0.790971

2;9.781721;455.588715;356.085449;52.182781;0.498039;0.121569;0.500000;1.000000;0.472611

2;5.807299;503.970459;297.800446;91.927017;0.082353;0.019608;0.500000;1.000000;-2.616097

2;13.085152;470.083405;427.295319;19.148476;0.843137;0.207843;0.500000;1.000000;0.728949

2;6.408574;494.269379;306.920410;85.914261;0.145098;0.035294;0.500000;1.000000;-1.029813

2;5.945379;519.218140;291.294891;90.546211;0.098039;0.023529;0.500000;1.000000;-2.073330

2;11.111202;433.856445;195.635513;38.887978;0.635294;0.156863;0.500000;1.000000;0.609098

2;16.103275;703.369995;241.911087;-11.032753;0.160784;0.290196;0.500000;1.000000;0.829809

2;5.945379;503.574524;265.673279;90.546211;0.098039;0.023529;0.500000;1.000000;-2.073330

2;13.105487;477.218536;136.832672;18.945129;0.847059;0.211765;0.500000;1.000000;0.729880

2;11.111202;433.856445;195.635513;38.887978;0.635294;0.156863;0.500000;1.000000;0.609098

2;16.103275;368.730957;130.884979;-11.032753;0.160784;0.290196;0.500000;1.000000;0.829809

2;13.105487;643.975342;332.890228;18.945129;0.847059;0.211765;0.500000;1.000000;0.729880

2;14.519990;499.715363;457.480560;4.800095;0.992157;0.247059;0.500000;1.000000;0.784874

2;6.774333;489.552765;312.145203;82.256668;0.184314;0.043137;0.500000;1.000000;-0.590776

2;15.182381;333.877502;206.145370;-1.823807;0.062745;0.262745;0.500000;1.000000;0.805373

2;5.814460;490.521240;276.574982;91.855400;0.082353;0.019608;0.500000;1.000000;-2.583421

2;5.830743;519.074707;280.828644;91.692566;0.086275;0.019608;0.500000;1.000000;-2.511225

2;11.140627;451.667389;183.324814;38.593727;0.639216;0.156863;0.500000;1.000000;0.611451

2;14.049397;662.919006;235.361633;9.506027;0.945098;0.235294;0.500000;1.000000;0.768486

2;5.830743;494.582184;271.030609;91.692566;0.086275;0.019608;0.500000;1.000000;-2.511225

2;14.824409;377.510468;411.224457;1.755905;0.023529;0.254902;0.500000;1.000000;0.794638

2;14.049397;662.919006;235.361633;9.506027;0.945098;0.235294;0.500000;1.000000;0.768486

2;15.833675;430.228760;98.591019;-8.336754;0.129412;0.282353;0.500000;1.000000;0.823086

2;11.448175;620.749390;301.566925;35.518250;0.670588;0.164706;0.500000;1.000000;0.634752

2;5.814460;505.175171;297.885468;91.855400;0.082353;0.019608;0.500000;1.000000;-2.583421

2;6.139564;524.006653;289.017517;88.604355;0.117647;0.027451;0.500000;1.000000;-1.532586

2;6.605545;533.259216;286.211761;83.944550;0.164706;0.039216;0.500000;1.000000;-0.768525

2;9.749678;464.850922;360.780640;52.503227;0.494118;0.121569;0.500000;1.000000;0.468378

2;14.791349;344.773346;365.885590;2.086502;0.023529;0.254902;0.500000;1.000000;0.793607

2;16.119987;679.823486;179.812668;-11.199890;0.160784;0.290196;0.500000;1.000000;0.830216

2;6.605545;533.259216;286.211761;83.944550;0.164706;0.039216;0.500000;1.000000;-0.768525

2;6.894866;538.682190;284.989227;81.051346;0.196078;0.047059;0.500000;1.000000;-0.483226

2;9.313223;466.905182;352.835144;56.867771;0.450980;0.109804;0.500000;1.000000;0.404464

2;15.304190;652.592529;399.650391;-3.041893;0.074510;0.266667;0.500000;1.000000;0.808856

2;6.894866;538.682190;284.989227;81.051346;0.196078;0.047059;0.500000;1.000000;-0.483226

2;7.086607;542.230591;284.350922;79.133934;0.215686;0.050980;0.500000;1.000000;-0.337741

2;9.050011;468.427032;348.174042;59.499897;0.423529;0.105882;0.500000;1.000000;0.359261

2;15.585612;648.379944;412.682007;-5.856125;0.105882;0.274510;0.500000;1.000000;0.816596

2;7.086607;542.230591;284.350922;79.133934;0.215686;0.050980;0.500000;1.000000;-0.337741

2;7.222217;544.728943;283.976624;77.777832;0.231373;0.054902;0.500000;1.000000;-0.250003

2;7.322988;546.581726;283.738678;76.770119;0.239216;0.058824;0.500000;1.000000;-0.191440

2;8.748835;470.420410;342.966980;62.511650;0.388235;0.094118;0.500000;1.000000;0.299751

2;5.828557;508.353119;297.553131;91.714424;0.086275;0.019608;0.500000;1.000000;-2.520751

2;6.210239;525.320557;289.142365;87.897606;0.125490;0.031373;0.500000;1.000000;-1.378848

2;10.473656;463.778564;374.937073;45.263451;0.568627;0.141176;0.500000;1.000000;0.551920

2;13.814003;371.587402;375.618835;11.859970;0.921569;0.227451;0.500000;1.000000;0.759633

2;16.193874;467.928650;485.026062;-11.938736;0.168627;0.290196;0.500000;1.000000;0.831996

2;10.473656;463.778564;374.937073;45.263451;0.568627;0.141176;0.500000;1.000000;0.551920

2;13.814003;371.587402;375.618835;11.859970;0.921569;0.227451;0.500000;1.000000;0.759633

2;16.193874;696.995361;213.225662;-11.938736;0.168627;0.290196;0.500000;1.000000;0.831996

2;6.210239;498.659149;261.464661;87.897606;0.125490;0.031373;0.500000;1.000000;-1.378848

2;13.814003;371.587402;375.618835;11.859970;0.921569;0.227451;0.500000;1.000000;0.759633

2;16.193874;467.928650;485.026062;-11.938736;0.168627;0.290196;0.500000;1.000000;0.831996

2;10.473656;463.778564;374.937073;45.263451;0.568627;0.141176;0.500000;1.000000;0.551920

2;13.814003;371.587402;375.618835;11.859970;0.921569;0.227451;0.500000;1.000000;0.759633

2;16.193874;696.995361;213.225662;-11.938736;0.168627;0.290196;0.500000;1.000000;0.831996

2;6.210239;498.659149;261.464661;87.897606;0.125490;0.031373;0.500000;1.000000;-1.378848

2;6.021102;520.962341;275.080109;89.788971;0.105882;0.023529;0.500000;1.000000;-1.838001

2;6.520184;531.577026;278.969391;84.798164;0.156863;0.039216;0.500000;1.000000;-0.873446

2;6.838968;537.626892;280.572479;81.610313;0.192157;0.047059;0.500000;1.000000;-0.531349

2;9.394764;460.743866;350.974548;56.052357;0.458824;0.113725;0.500000;1.000000;0.417370

2;5.803865;505.481415;297.662872;91.961349;0.082353;0.019608;0.500000;1.000000;-2.631969

2;12.854421;470.294678;422.997467;21.455795;0.819608;0.203922;0.500000;1.000000;0.718049

2;11.489045;621.431152;302.047272;35.109543;0.678431;0.168627;0.500000;1.000000;0.637682

2;5.803865;505.481415;297.662872;91.961349;0.082353;0.019608;0.500000;1.000000;-2.631969

2;6.145852;524.145996;288.953491;88.541489;0.117647;0.027451;0.500000;1.000000;-1.518140

2;10.591539;462.624176;376.790497;44.084610;0.584314;0.145098;0.500000;1.000000;0.563475

2;13.771681;374.368317;378.167297;12.283188;0.913725;0.227451;0.500000;1.000000;0.757990

2;16.047136;463.890228;481.519379;-10.471359;0.152941;0.286275;0.500000;1.000000;0.828436

2;6.609575;486.573853;306.813934;83.904251;0.164706;0.039216;0.500000;1.000000;-0.763846

2;5.809445;516.785400;290.533508;91.905548;0.082353;0.019608;0.500000;1.000000;-2.606241

2;11.394430;431.770081;190.663681;36.055702;0.666667;0.164706;0.500000;1.000000;0.630842

2;15.686013;380.017548;131.312256;-6.860130;0.113725;0.278431;0.500000;1.000000;0.819259

2;6.116715;489.076080;268.984802;88.832848;0.113725;0.027451;0.500000;1.000000;-1.586450

2;5.818916;518.282410;278.372131;91.810844;0.082353;0.019608;0.500000;1.000000;-2.563381

2;11.227623;438.656616;376.625519;37.723770;0.650980;0.160784;0.500000;1.000000;0.618275

2;15.232894;687.159180;323.591003;-2.328941;0.066667;0.266667;0.500000;1.000000;0.806828

2;5.818916;500.866638;297.682831;91.810844;0.082353;0.019608;0.500000;1.000000;-2.563381

2;13.594212;468.540802;436.518616;14.057892;0.898039;0.223529;0.500000;1.000000;0.750928

2;11.227623;617.753784;292.776276;37.723770;0.650980;0.160784;0.500000;1.000000;0.618275

2;5.818916;492.850952;272.945007;91.810844;0.082353;0.019608;0.500000;1.000000;-2.563381

2;15.232894;447.573242;104.084015;-2.328941;0.066667;0.266667;0.500000;1.000000;0.806828

2;11.227623;617.753784;292.776276;37.723770;0.650980;0.160784;0.500000;1.000000;0.618275

2;5.818916;492.850952;272.945007;91.810844;0.082353;0.019608;0.500000;1.000000;-2.563381

2;5.879517;519.742493;279.511200;91.204834;0.090196;0.019608;0.500000;1.000000;-2.310965

2;11.063937;454.715393;183.349197;39.360626;0.631373;0.156863;0.500000;1.000000;0.605272

2;13.878820;658.808105;232.688507;11.211792;0.925490;0.231373;0.500000;1.000000;0.762117

2;5.879517;493.107361;271.110962;91.204834;0.090196;0.019608;0.500000;1.000000;-2.310965

2;15.136620;454.976990;103.744560;-1.366196;0.058824;0.262745;0.500000;1.000000;0.804043

2;6.484184;488.908875;260.358337;85.158157;0.152941;0.035294;0.500000;1.000000;-0.921313

2;15.658899;498.744171;87.657532;-6.588997;0.113725;0.278431;0.500000;1.000000;0.818545

2;9.932161;594.378723;285.829224;50.678383;0.513726;0.125490;0.500000;1.000000;0.491747

2;6.484184;491.937317;307.390106;85.158157;0.152941;0.035294;0.500000;1.000000;-0.921313

2;5.904704;518.409119;291.214691;90.952957;0.094118;0.023529;0.500000;1.000000;-2.216002

2;6.450902;530.293640;287.024475;85.490982;0.149020;0.035294;0.500000;1.000000;-0.967679

2;10.007668;452.487305;207.006516;49.923328;0.521569;0.129412;0.500000;1.000000;0.500919

2;16.103308;334.003815;171.025726;-11.033081;0.160784;0.290196;0.500000;1.000000;0.829810

2;14.473862;655.105896;368.640747;5.261391;0.988235;0.247059;0.500000;1.000000;0.783339

2;11.203038;462.694092;388.955627;37.969620;0.647059;0.160784;0.500000;1.000000;0.616366

2;13.066100;644.023560;330.554810;19.339005;0.843137;0.207843;0.500000;1.000000;0.728073

2;5.904704;489.681305;291.371307;90.952957;0.094118;0.023529;0.500000;1.000000;-2.216002

2;16.001486;437.502441;473.416656;-10.014862;0.149020;0.286275;0.500000;1.000000;0.827310

2;11.203038;616.413208;265.794128;37.969620;0.647059;0.160784;0.500000;1.000000;0.616366

2;5.904704;489.681305;291.371307;90.952957;0.094118;0.023529;0.500000;1.000000;-2.216002

2;5.818071;518.734802;285.797394;91.819290;0.082353;0.019608;0.500000;1.000000;-2.567162

2;6.456624;530.669006;284.381531;85.433762;0.149020;0.035294;0.500000;1.000000;-0.959557

2;9.975243;456.452911;205.160141;50.247578;0.517647;0.129412;0.500000;1.000000;0.497014

2;15.548737;339.934265;180.611145;-5.487358;0.101961;0.274510;0.500000;1.000000;0.815606

2;5.900958;489.838745;274.497711;90.990425;0.094118;0.023529;0.500000;1.000000;-2.229791

2;15.960383;372.439362;434.884247;-9.603836;0.145098;0.286275;0.500000;1.000000;0.826287

2;13.097249;474.919952;428.573456;19.027504;0.843137;0.207843;0.500000;1.000000;0.729504

2;11.199783;433.261841;371.968079;38.002171;0.647059;0.160784;0.500000;1.000000;0.616112

2;5.821139;499.073700;297.225372;91.788605;0.082353;0.019608;0.500000;1.000000;-2.553461

2;13.915636;385.058990;170.883865;10.843643;0.929412;0.231373;0.500000;1.000000;0.763512

2;5.906510;492.464905;271.035675;90.934891;0.094118;0.023529;0.500000;1.000000;-2.209394

2;5.875971;519.520691;278.875031;91.240288;0.090196;0.019608;0.500000;1.000000;-2.324769

2;11.087793;455.702820;182.381546;39.122066;0.635294;0.156863;0.500000;1.000000;0.607211

2;6.027396;500.103027;264.571960;89.726044;0.105882;0.023529;0.500000;1.000000;-1.820004

2;13.647198;480.077545;126.283371;13.528023;0.901961;0.223529;0.500000;1.000000;0.753067

2;10.824039;610.166077;271.621735;41.759613;0.607843;0.149020;0.500000;1.000000;0.584894

2;13.760014;656.688171;233.212906;12.399872;0.913725;0.227451;0.500000;1.000000;0.757535

2;5.875971;492.667328;271.621185;91.240288;0.090196;0.019608;0.500000;1.000000;-2.324769

2;15.244039;452.676147;102.341560;-2.440384;0.070588;0.266667;0.500000;1.000000;0.807147

2;11.087793;455.702820;182.381546;39.122066;0.635294;0.156863;0.500000;1.000000;0.607211

2;6.027396;500.103027;264.571960;89.726044;0.105882;0.023529;0.500000;1.000000;-1.820004

2;13.647198;480.077545;126.283371;13.528023;0.901961;0.223529;0.500000;1.000000;0.753067

2;10.824039;610.166077;271.621735;41.759613;0.607843;0.149020;0.500000;1.000000;0.584894

2;6.027396;500.103027;264.571960;89.726044;0.105882;0.023529;0.500000;1.000000;-1.820004

2;13.647198;380.240662;382.075775;13.528023;0.901961;0.223529;0.500000;1.000000;0.753067

2;5.831829;493.026123;293.589752;91.681709;0.086275;0.019608;0.500000;1.000000;-2.506512

2;15.183430;449.821564;461.662170;-1.834290;0.062745;0.262745;0.500000;1.000000;0.805404

2;11.185334;455.112122;385.318298;38.146660;0.643137;0.160784;0.500000;1.000000;0.614982

2;13.686414;656.134949;330.072510;13.135857;0.905882;0.223529;0.500000;1.000000;0.754633

2;5.831829;493.026123;293.589752;91.681709;0.086275;0.019608;0.500000;1.000000;-2.506512

2;15.183430;449.821564;461.662170;-1.834290;0.062745;0.262745;0.500000;1.000000;0.805404

2;11.185334;455.112122;385.318298;38.146660;0.643137;0.160784;0.500000;1.000000;0.614982

2;13.686414;387.166565;391.216461;13.135857;0.905882;0.223529;0.500000;1.000000;0.754633

2;15.183430;685.815186;240.588806;-1.834290;0.062745;0.262745;0.500000;1.000000;0.805404

2;5.831829;500.315948;268.201477;91.681709;0.086275;0.019608;0.500000;1.000000;-2.506512

2;6.036100;522.146423;277.385284;89.638992;0.105882;0.023529;0.500000;1.000000;-1.795472

2;10.799158;460.550232;185.965912;42.008415;0.603922;0.149020;0.500000;1.000000;0.582684

2;6.034690;501.187897;264.240295;89.653099;0.105882;0.023529;0.500000;1.000000;-1.799419

2;6.063939;522.144653;275.842010;89.360611;0.109804;0.027451;0.500000;1.000000;-1.719712

2;6.552776;532.224731;279.289429;84.472237;0.160784;0.039216;0.500000;1.000000;-0.832023

2;9.837937;454.662140;356.706665;51.620628;0.505882;0.125490;0.500000;1.000000;0.479901

2;16.166248;683.013184;382.309174;-11.662468;0.164706;0.290196;0.500000;1.000000;0.831333

2;6.552776;532.224731;279.289429;84.472237;0.160784;0.039216;0.500000;1.000000;-0.832023

2;9.837937;454.662140;356.706665;51.620628;0.505882;0.125490;0.500000;1.000000;0.479901

2;16.166248;683.013184;382.309174;-11.662468;0.164706;0.290196;0.500000;1.000000;0.831333

2;6.552776;532.224731;279.289429;84.472237;0.160784;0.039216;0.500000;1.000000;-0.832023

2;9.837937;454.662140;356.706665;51.620628;0.505882;0.125490;0.500000;1.000000;0.479901

2;16.166248;328.489136;388.375397;-11.662468;0.164706;0.290196;0.500000;1.000000;0.831333

2;14.641417;654.658081;190.555405;3.585831;0.007843;0.250980;0.500000;1.000000;0.788842

2;6.552776;486.674194;260.411957;84.472237;0.160784;0.039216;0.500000;1.000000;-0.832023

2;16.166248;328.489136;388.375397;-11.662468;0.164706;0.290196;0.500000;1.000000;0.831333

2;14.641417;654.658081;190.555405;3.585831;0.007843;0.250980;0.500000;1.000000;0.788842

2;6.552776;486.674194;260.411957;84.472237;0.160784;0.039216;0.500000;1.000000;-0.832023

2;5.806000;516.921509;275.831665;91.939995;0.082353;0.019608;0.500000;1.000000;-2.622082

2;6.410746;529.633972;279.560608;85.892548;0.145098;0.035294;0.500000;1.000000;-1.026535

2;10.067571;452.673798;360.440582;49.324295;0.529412;0.129412;0.500000;1.000000;0.508000

2;15.923489;683.883911;371.019440;-9.234886;0.141176;0.282353;0.500000;1.000000;0.825362

2;6.410746;494.161621;306.919342;85.892548;0.145098;0.035294;0.500000;1.000000;-1.026535

2;5.943380;519.182495;291.283600;90.566200;0.098039;0.023529;0.500000;1.000000;-2.080055

2;11.115235;463.365570;387.489655;38.847645;0.639216;0.156863;0.500000;1.000000;0.609422

2;13.104879;390.883911;379.351318;18.951202;0.847059;0.211765;0.500000;1.000000;0.729853

2;16.097054;703.283630;242.057312;-10.970543;0.156863;0.286275;0.500000;1.000000;0.829658

2;14.540165;354.684418;191.918030;4.598343;0.996078;0.247059;0.500000;1.000000;0.785540

2;15.923489;683.883911;371.019440;-9.234886;0.141176;0.282353;0.500000;1.000000;0.825362

2;6.410746;494.161621;306.919342;85.892548;0.145098;0.035294;0.500000;1.000000;-1.026535

2;14.540165;354.684418;191.918030;4.598343;0.996078;0.247059;0.500000;1.000000;0.785540

2;5.823913;491.466583;274.569336;91.760872;0.082353;0.019608;0.500000;1.000000;-2.541163

2;15.576507;439.704559;100.067429;-5.765068;0.105882;0.274510;0.500000;1.000000;0.816352

2;6.427354;488.229370;262.117950;85.726456;0.149020;0.035294;0.500000;1.000000;-1.001791

2;15.898058;491.974609;83.564484;-8.980583;0.137255;0.282353;0.500000;1.000000;0.824722

2;10.037289;596.196716;288.323914;49.627110;0.525490;0.129412;0.500000;1.000000;0.504442

2;6.427354;488.229370;262.117950;85.726456;0.149020;0.035294;0.500000;1.000000;-1.001791

2;5.825835;517.543762;276.232758;91.741646;0.086275;0.019608;0.500000;1.000000;-2.532686

2;11.307793;434.086029;375.115753;36.922070;0.658824;0.164706;0.500000;1.000000;0.624398

2;5.848975;498.814362;297.675293;91.510254;0.086275;0.019608;0.500000;1.000000;-2.433673

2;6.005229;521.600952;288.462708;89.947708;0.101961;0.023529;0.500000;1.000000;-1.884394

2;6.536499;532.028442;285.812073;84.635010;0.156863;0.039216;0.500000;1.000000;-0.852491

2;9.855303;455.676880;208.244751;51.446976;0.505882;0.125490;0.500000;1.000000;0.482119

2;15.949469;679.400757;185.371964;-9.494690;0.141176;0.282353;0.500000;1.000000;0.826014

2;6.536499;492.421112;257.320618;84.635010;0.156863;0.039216;0.500000;1.000000;-0.852491

2;5.918641;518.433472;274.321350;90.813599;0.094118;0.023529;0.500000;1.000000;-2.165695

2;11.198565;432.190674;371.076965;38.014359;0.647059;0.160784;0.500000;1.000000;0.616017

2;5.810244;499.047852;297.004700;91.897560;0.082353;0.019608;0.500000;1.000000;-2.602587

2;13.924541;465.641174;442.056580;10.754585;0.929412;0.231373;0.500000;1.000000;0.763848

2;6.453095;491.855194;306.710693;85.469048;0.149020;0.035294;0.500000;1.000000;-0.964559

2;14.994032;500.593109;466.192230;0.059685;0.043137;0.258824;0.500000;1.000000;0.799821

2;6.806928;488.128693;312.077484;81.930717;0.188235;0.047059;0.500000;1.000000;-0.560276

2;15.470909;524.278076;473.892639;-4.709091;0.094118;0.270588;0.500000;1.000000;0.813492

2;9.434857;585.297607;284.147064;55.651428;0.462745;0.113725;0.500000;1.000000;0.423541

2;9.980828;595.289001;285.188049;50.191715;0.517647;0.129412;0.500000;1.000000;0.497691

2;6.453095;489.538330;260.626923;85.469048;0.149020;0.035294;0.500000;1.000000;-0.964559

2;15.535326;340.242584;385.418365;-5.353264;0.098039;0.274510;0.500000;1.000000;0.815244

2;14.994032;500.593109;466.192230;0.059685;0.043137;0.258824;0.500000;1.000000;0.799821

2;9.980828;595.289001;285.188049;50.191715;0.517647;0.129412;0.500000;1.000000;0.497691

2;6.453095;491.855194;306.710693;85.469048;0.149020;0.035294;0.500000;1.000000;-0.964559

2;14.994032;347.054321;188.453445;0.059685;0.043137;0.258824;0.500000;1.000000;0.799821

2;5.854269;490.721558;274.695282;91.457314;0.086275;0.019608;0.500000;1.000000;-2.411776

2;15.752922;438.369904;97.108498;-7.529221;0.121569;0.278431;0.500000;1.000000;0.821006

2;11.272482;460.556824;176.526276;37.275185;0.654902;0.160784;0.500000;1.000000;0.621720

2;13.154159;393.294098;182.539413;18.458412;0.850980;0.211765;0.500000;1.000000;0.732090

2;15.752922;438.369904;97.108498;-7.529221;0.121569;0.278431;0.500000;1.000000;0.821006

2;11.272482;460.556824;176.526276;37.275185;0.654902;0.160784;0.500000;1.000000;0.621720

2;13.154159;393.294098;182.539413;18.458412;0.850980;0.211765;0.500000;1.000000;0.732090

2;15.752922;697.801819;319.108398;-7.529221;0.121569;0.278431;0.500000;1.000000;0.821006

2;5.854269;503.447144;298.651825;91.457314;0.086275;0.019608;0.500000;1.000000;-2.411776

2;13.154159;393.294098;182.539413;18.458412;0.850980;0.211765;0.500000;1.000000;0.732090

2;15.752922;697.801819;319.108398;-7.529221;0.121569;0.278431;0.500000;1.000000;0.821006

2;15.535326;340.242584;385.418365;-5.353264;0.098039;0.274510;0.500000;1.000000;0.815244

2;14.994032;664.352539;194.354324;0.059685;0.043137;0.258824;0.500000;1.000000;0.799821

2;6.453095;530.606445;281.662384;85.469048;0.149020;0.035294;0.500000;1.000000;-0.964559

2;9.980828;460.250427;202.847397;50.191715;0.517647;0.129412;0.500000;1.000000;0.497691

2;14.994032;664.352539;194.354324;0.059685;0.043137;0.258824;0.500000;1.000000;0.799821

2;6.453095;489.538330;260.626923;85.469048;0.149020;0.035294;0.500000;1.000000;-0.964559

2;15.535326;497.181793;89.972725;-5.353264;0.098039;0.274510;0.500000;1.000000;0.815244

2;9.980828;595.289001;285.188049;50.191715;0.517647;0.129412;0.500000;1.000000;0.497691

2;6.453095;491.855194;306.710693;85.469048;0.149020;0.035294;0.500000;1.000000;-0.964559

2;14.994032;347.054321;188.453445;0.059685;0.043137;0.258824;0.500000;1.000000;0.799821

2;15.535326;674.575623;373.608917;-5.353264;0.098039;0.274510;0.500000;1.000000;0.815244

2;11.193676;442.358582;378.363037;38.063236;0.647059;0.160784;0.500000;1.000000;0.615635

2;5.910244;499.350525;299.027039;90.897552;0.094118;0.023529;0.500000;1.000000;-2.195818

2;13.829834;472.328674;441.751862;11.701660;0.921569;0.227451;0.500000;1.000000;0.760243

2;6.497036;492.056091;307.710449;85.029648;0.152941;0.035294;0.500000;1.000000;-0.903961

2;14.910549;346.616302;192.209763;0.894508;0.035294;0.258824;0.500000;1.000000;0.797292

2;5.838771;490.872131;274.992157;91.612289;0.086275;0.019608;0.500000;1.000000;-2.476662

2;15.723083;377.201477;433.232147;-7.230827;0.117647;0.278431;0.500000;1.000000;0.820230

2;6.107017;489.049438;296.725159;88.929832;0.113725;0.027451;0.500000;1.000000;-1.609986

2;5.817698;518.289673;287.531952;91.823021;0.082353;0.019608;0.500000;1.000000;-2.568838

2;11.226976;438.829803;189.268295;37.730236;0.650980;0.160784;0.500000;1.000000;0.618225

2;5.881110;499.156769;267.589478;91.188904;0.090196;0.019608;0.500000;1.000000;-2.304798

2;13.876962;382.980865;391.812103;11.230385;0.925490;0.231373;0.500000;1.000000;0.762047

2;15.143182;683.853516;235.743179;-1.431816;0.058824;0.262745;0.500000;1.000000;0.804235

2;5.881110;499.156769;267.589478;91.188904;0.090196;0.019608;0.500000;1.000000;-2.304798

2;6.013860;521.673645;277.243744;89.861397;0.105882;0.023529;0.500000;1.000000;-1.858987

2;10.849132;460.444061;185.010056;41.508682;0.607843;0.149020;0.500000;1.000000;0.587103

2;13.645086;380.757050;183.344177;13.549141;0.901961;0.223529;0.500000;1.000000;0.752982

2;5.834880;493.028717;272.327209;91.651199;0.086275;0.019608;0.500000;1.000000;-2.493331

2;15.181087;450.149780;104.283485;-1.810867;0.062745;0.262745;0.500000;1.000000;0.805336

2;11.177345;455.090546;180.854370;38.226551;0.643137;0.160784;0.500000;1.000000;0.614354

2;6.034683;499.812439;264.498810;89.653168;0.105882;0.023529;0.500000;1.000000;-1.799438

2;13.694818;379.339874;382.346863;13.051826;0.905882;0.223529;0.500000;1.000000;0.754967

2;15.791598;693.829346;227.251816;-7.915985;0.125490;0.278431;0.500000;1.000000;0.822006

2;13.698313;386.904816;174.745193;13.016869;0.905882;0.223529;0.500000;1.000000;0.755106

2;15.181087;685.698120;325.722626;-1.810867;0.062745;0.262745;0.500000;1.000000;0.805336

2;5.834880;500.242737;297.837799;91.651199;0.086275;0.019608;0.500000;1.000000;-2.493331

2;6.034683;522.116272;288.624054;89.653168;0.105882;0.023529;0.500000;1.000000;-1.799438

2;10.802325;460.543976;380.094879;41.976749;0.603922;0.149020;0.500000;1.000000;0.582966

2;13.694818;652.367004;341.285400;13.051826;0.905882;0.223529;0.500000;1.000000;0.754967

2;6.034683;490.071259;295.877136;89.653168;0.105882;0.023529;0.500000;1.000000;-1.799438

2;15.791598;457.364685;475.271118;-7.915985;0.125490;0.278431;0.500000;1.000000;0.822006

2;10.802325;609.814636;272.086578;41.976749;0.603922;0.149020;0.500000;1.000000;0.582966

2;13.698313;656.299011;235.720001;13.016869;0.905882;0.223529;0.500000;1.000000;0.755106

2;5.834880;518.728577;278.834991;91.651199;0.086275;0.019608;0.500000;1.000000;-2.493331

2;11.177345;455.090546;180.854370;38.226551;0.643137;0.160784;0.500000;1.000000;0.614354

2;6.034683;499.812439;264.498810;89.653168;0.105882;0.023529;0.500000;1.000000;-1.799438

2;6.035099;521.662781;276.061249;89.649010;0.105882;0.023529;0.500000;1.000000;-1.798272

2;6.539063;531.989197;279.428467;84.609367;0.160784;0.039216;0.500000;1.000000;-0.849237

2;9.858387;464.475128;203.179428;51.416138;0.505882;0.125490;0.500000;1.000000;0.482511

2;14.653676;348.862732;197.819122;3.463242;0.007843;0.250980;0.500000;1.000000;0.789238

2;5.809466;491.307526;275.310211;91.905334;0.082353;0.019608;0.500000;1.000000;-2.606146

2;15.626915;436.480316;100.247261;-6.269150;0.109804;0.274510;0.500000;1.000000;0.817698

2;6.412936;488.188904;262.481293;85.870644;0.145098;0.035294;0.500000;1.000000;-1.023239

2;15.925158;490.459351;83.163673;-9.251572;0.141176;0.282353;0.500000;1.000000;0.825404

2;10.063822;596.660645;288.714966;49.361778;0.529412;0.129412;0.500000;1.000000;0.507562

2;6.412936;494.135834;306.952179;85.870644;0.145098;0.035294;0.500000;1.000000;-1.023239

2;14.543725;354.560608;191.995743;4.562744;0.996078;0.247059;0.500000;1.000000;0.785657

2;15.925158;490.459351;83.163673;-9.251572;0.141176;0.282353;0.500000;1.000000;0.825404

2;10.063822;596.660645;288.714966;49.361778;0.529412;0.129412;0.500000;1.000000;0.507562

2;6.412936;488.188904;262.481293;85.870644;0.145098;0.035294;0.500000;1.000000;-1.023239

2;15.925158;490.459351;83.163673;-9.251572;0.141176;0.282353;0.500000;1.000000;0.825404

2;10.063822;596.660645;288.714966;49.361778;0.529412;0.129412;0.500000;1.000000;0.507562

2;6.412936;488.188904;262.481293;85.870644;0.145098;0.035294;0.500000;1.000000;-1.023239

2;5.823787;517.559937;276.350098;91.762131;0.082353;0.019608;0.500000;1.000000;-2.541719

2;6.427152;529.965332;279.778351;85.728477;0.149020;0.035294;0.500000;1.000000;-1.002088

2;10.037679;453.280273;360.184235;49.623215;0.525490;0.129412;0.500000;1.000000;0.504488

2;5.825776;503.086975;298.111664;91.742241;0.086275;0.019608;0.500000;1.000000;-2.532947

2;13.220327;393.391937;180.637115;17.796722;0.858824;0.211765;0.500000;1.000000;0.735051

2;5.849012;493.882996;271.171112;91.509880;0.086275;0.019608;0.500000;1.000000;-2.433519

2;14.973011;455.230743;106.785683;0.269890;0.039216;0.258824;0.500000;1.000000;0.799188

2;11.114141;615.937744;288.889496;38.858597;0.639216;0.156863;0.500000;1.000000;0.609334

2;5.849012;498.814392;297.676025;91.509880;0.086275;0.019608;0.500000;1.000000;-2.433519

2;13.953162;383.480469;171.566559;10.468376;0.933333;0.231373;0.500000;1.000000;0.764923

2;14.973011;455.230743;106.785683;0.269890;0.039216;0.258824;0.500000;1.000000;0.799188

2;11.114141;453.131561;183.114319;38.858597;0.639216;0.156863;0.500000;1.000000;0.609334

2;13.953162;383.480469;171.566559;10.468376;0.933333;0.231373;0.500000;1.000000;0.764923

2;14.973011;455.230743;106.785683;0.269890;0.039216;0.258824;0.500000;1.000000;0.799188

2;11.114141;615.937744;288.889496;38.858597;0.639216;0.156863;0.500000;1.000000;0.609334

2;15.600557;695.064697;318.548553;-6.005577;0.105882;0.274510;0.500000;1.000000;0.816996

2;15.898840;337.297821;393.160034;-8.988396;0.137255;0.282353;0.500000;1.000000;0.824741

2;5.937525;489.282532;291.878204;90.624756;0.098039;0.023529;0.500000;1.000000;-2.099916

2;16.088253;439.296478;475.712494;-10.882538;0.156863;0.286275;0.500000;1.000000;0.829443

2;11.130339;615.073059;265.848267;38.696609;0.639216;0.156863;0.500000;1.000000;0.610631

2;14.599747;658.077942;197.944962;4.002541;0.000000;0.247059;0.500000;1.000000;0.787492

2;6.427152;488.227295;262.124176;85.728477;0.149020;0.035294;0.500000;1.000000;-1.002088

2;5.825776;517.543579;276.234863;91.742241;0.086275;0.019608;0.500000;1.000000;-2.532947

2;11.307818;434.089355;375.118835;36.921818;0.658824;0.164706;0.500000;1.000000;0.624400

2;15.600557;695.064697;318.548553;-6.005577;0.105882;0.274510;0.500000;1.000000;0.816996

2;5.825776;517.543579;276.234863;91.742241;0.086275;0.019608;0.500000;1.000000;-2.532947

2;11.307818;434.089355;375.118835;36.921818;0.658824;0.164706;0.500000;1.000000;0.624400

2;15.600557;695.064697;318.548553;-6.005577;0.105882;0.274510;0.500000;1.000000;0.816996

2;5.825776;517.543579;276.234863;91.742241;0.086275;0.019608;0.500000;1.000000;-2.532947

2;11.307818;459.178070;176.396179;36.921818;0.658824;0.164706;0.500000;1.000000;0.624400

2;6.094847;499.558868;263.425293;89.051529;0.113725;0.027451;0.500000;1.000000;-1.640109

2;6.033034;521.473328;275.694641;89.669655;0.105882;0.023529;0.500000;1.000000;-1.804066

2;10.867050;463.114410;183.510925;41.329498;0.611765;0.152941;0.500000;1.000000;0.588670

2;13.392975;647.166260;226.610504;16.070251;0.874510;0.215686;0.500000;1.000000;0.742558

2;6.033034;488.936737;271.520355;89.669655;0.105882;0.023529;0.500000;1.000000;-1.804066

2;16.105350;450.589264;86.532516;-11.053497;0.160784;0.290196;0.500000;1.000000;0.829860

2;10.867050;610.602844;297.336578;41.329498;0.611765;0.152941;0.500000;1.000000;0.588670

2;6.033034;501.589966;301.785004;89.669655;0.105882;0.023529;0.500000;1.000000;-1.804066

2;13.392975;383.582153;187.209137;16.070251;0.874510;0.215686;0.500000;1.000000;0.742558

2;16.105350;450.589264;86.532516;-11.053497;0.160784;0.290196;0.500000;1.000000;0.829860

2;10.867050;463.114410;183.510925;41.329498;0.611765;0.152941;0.500000;1.000000;0.588670

2;6.072326;501.093567;263.556732;89.276749;0.109804;0.027451;0.500000;1.000000;-1.697658

2;13.459460;483.224060;129.307770;15.405396;0.882353;0.219608;0.500000;1.000000;0.745367

2;10.780483;609.060486;269.103973;42.195171;0.603922;0.149020;0.500000;1.000000;0.581012

2;6.072326;488.614868;295.238678;89.276749;0.109804;0.027451;0.500000;1.000000;-1.697658

2;16.161221;357.298767;140.349823;-11.612221;0.164706;0.290196;0.500000;1.000000;0.831212

2;6.063898;488.567047;271.072693;89.361023;0.109804;0.027451;0.500000;1.000000;-1.719820

2;5.804806;518.223938;279.077881;91.951942;0.082353;0.019608;0.500000;1.000000;-2.627607

2;11.235697;454.180573;180.105194;37.643032;0.650980;0.160784;0.500000;1.000000;0.618899

2;13.701422;656.873291;237.411407;12.985779;0.909804;0.227451;0.500000;1.000000;0.755229

2;5.804806;493.491364;272.642761;91.951942;0.082353;0.019608;0.500000;1.000000;-2.627607

2;5.892169;519.950500;279.378632;91.078308;0.090196;0.019608;0.500000;1.000000;-2.262590

2;6.489923;531.254517;281.179565;85.100761;0.152941;0.035294;0.500000;1.000000;-0.913526

2;9.923262;461.440002;203.404297;50.767384;0.513726;0.125490;0.500000;1.000000;0.490648

2;5.905413;503.949127;266.400848;90.945869;0.094118;0.023529;0.500000;1.000000;-2.213404

2;13.059731;475.219513;138.068237;19.402687;0.839216;0.207843;0.500000;1.000000;0.727779

2;11.203849;432.816223;194.292450;37.961514;0.647059;0.160784;0.500000;1.000000;0.616429

2;16.009689;372.329834;130.016068;-10.096886;0.149020;0.286275;0.500000;1.000000;0.827513

2;13.059731;475.219513;138.068237;19.402687;0.839216;0.207843;0.500000;1.000000;0.727779

2;11.203849;616.414856;265.706818;37.961514;0.647059;0.160784;0.500000;1.000000;0.616429

2;14.940212;662.100525;192.365372;0.597878;0.039216;0.258824;0.500000;1.000000;0.798196

2;6.489923;531.254517;281.179565;85.100761;0.152941;0.035294;0.500000;1.000000;-0.913526

2;9.923262;461.440002;203.404297;50.767384;0.513726;0.125490;0.500000;1.000000;0.490648

2;14.940212;346.457855;191.398254;0.597878;0.039216;0.258824;0.500000;1.000000;0.798196

2;15.681007;676.007996;376.584808;-6.810066;0.113725;0.278431;0.500000;1.000000;0.819128

2;6.489923;491.949280;307.513336;85.100761;0.152941;0.035294;0.500000;1.000000;-0.913526

2;5.905413;518.400757;291.255524;90.945869;0.094118;0.023529;0.500000;1.000000;-2.213404

2;11.203849;462.768890;389.000732;37.961514;0.647059;0.160784;0.500000;1.000000;0.616429

2;13.059731;643.904846;330.541229;19.402687;0.839216;0.207843;0.500000;1.000000;0.727779

2;14.940212;503.441620;465.236359;0.597878;0.039216;0.258824;0.500000;1.000000;0.798196

2;6.828056;488.197052;312.554688;81.719437;0.188235;0.047059;0.500000;1.000000;-0.541087

2;15.428782;328.568115;206.980682;-4.287827;0.090196;0.270588;0.500000;1.000000;0.812335

2;5.826416;490.161194;276.832458;91.735847;0.086275;0.019608;0.500000;1.000000;-2.530135

2;5.823832;518.960327;280.924530;91.761681;0.082353;0.019608;0.500000;1.000000;-2.541519

2;11.153708;451.380646;183.204697;38.462914;0.643137;0.160784;0.500000;1.000000;0.612489

2;5.993697;499.753357;265.284088;90.063026;0.101961;0.023529;0.500000;1.000000;-1.919028

2;13.722912;477.806976;125.239594;12.770889;0.909804;0.227451;0.500000;1.000000;0.756078

2;6.532569;492.319733;257.445770;84.674309;0.156863;0.039216;0.500000;1.000000;-0.857497

2;14.822083;346.652771;370.564850;1.779182;0.023529;0.254902;0.500000;1.000000;0.794566

2;15.912172;500.805634;483.030975;-9.121719;0.137255;0.282353;0.500000;1.000000;0.825078

2;6.851713;485.647064;311.559448;81.482864;0.192157;0.047059;0.500000;1.000000;-0.520121

2;16.027056;318.865082;201.791519;-10.270561;0.152941;0.286275;0.500000;1.000000;0.827942

2;5.870164;489.296234;276.811493;91.298363;0.090196;0.019608;0.500000;1.000000;-2.347627

2;5.808095;518.671021;280.939240;91.919052;0.082353;0.019608;0.500000;1.000000;-2.612435

2;11.186727;451.075165;182.681442;38.132732;0.643137;0.160784;0.500000;1.000000;0.615091

2;5.995785;499.646912;265.270538;90.042152;0.101961;0.023529;0.500000;1.000000;-1.912699

2;6.029643;521.669312;276.357056;89.703568;0.105882;0.023529;0.500000;1.000000;-1.813631

2;6.539065;532.008118;279.579620;84.609344;0.160784;0.039216;0.500000;1.000000;-0.849235

2;9.856815;454.852112;357.248871;51.431843;0.505882;0.125490;0.500000;1.000000;0.482311

2;16.085236;330.045258;388.080444;-10.852356;0.156863;0.286275;0.500000;1.000000;0.829370

2;14.682591;507.717896;460.475220;3.174088;0.011765;0.250980;0.500000;1.000000;0.790166

2;6.853066;488.842407;313.404022;81.469345;0.192157;0.047059;0.500000;1.000000;-0.518939

2;15.250703;330.630890;210.469543;-2.507027;0.070588;0.266667;0.500000;1.000000;0.807337

2;5.808589;490.437256;277.016144;91.914116;0.082353;0.019608;0.500000;1.000000;-2.610170

2;15.860504;382.396149;440.661011;-8.605042;0.133333;0.282353;0.500000;1.000000;0.823770

2;12.835617;641.713196;242.119049;21.643837;0.815686;0.203922;0.500000;1.000000;0.717133

2;5.808589;515.963562;274.246246;91.914116;0.082353;0.019608;0.500000;1.000000;-2.610170

2;11.487727;428.566406;374.961365;35.122726;0.678431;0.168627;0.500000;1.000000;0.637588

2;15.860504;701.340332;309.481537;-8.605042;0.133333;0.282353;0.500000;1.000000;0.823770

2;5.808589;515.963562;274.246246;91.914116;0.082353;0.019608;0.500000;1.000000;-2.610170

2;11.487727;462.075928;171.691910;35.122726;0.678431;0.168627;0.500000;1.000000;0.637588

2;12.835617;641.713196;242.119049;21.643837;0.815686;0.203922;0.500000;1.000000;0.717133

2;16.130508;526.013550;80.131554;-11.305077;0.160784;0.290196;0.500000;1.000000;0.830471

2;7.058175;483.941925;251.039581;79.418251;0.211765;0.050980;0.500000;1.000000;-0.357602

2;5.806958;515.206665;273.341858;91.930420;0.082353;0.019608;0.500000;1.000000;-2.617667

2;11.575253;463.475189;169.469574;34.247459;0.686275;0.168627;0.500000;1.000000;0.643744

